[0.1894678759871709, 0.21747077283856958, 0.3405179846190984, 0.3440011035624376, 0.29554781529123697, 0.25768182915474, 0.266234438045315, 0.355657481808463, 0.4493568300168982, 0.6185812325412975, 0.8661240818015657, 0.8905404007311103, 0.861571886746905, 0.6262027106252372, 0.6830016898299827, 0.8332586129599616, 0.7711142531986072, 1.0, 0.7544918439838608, 0.5339173017898402, 0.4696003034796702, 0.4372521295306412, 0.3930406593785565, 0.48398110149325807, 0.5606097182467151]
[0.20707461915827519, 0.26976504002065593, 0.45220759101471714, 0.4806093467596179, 0.5261554350632585, 0.44921249677252756, 0.3533694810224632, 0.5345210431190291, 0.5923573457268266, 0.6888200361476889, 0.4915052930544797, 0.605112316034082, 0.8701265169119544, 0.882261812548412, 0.7973663826491094, 0.6974438419829587, 0.6710560289181514, 1.0, 0.9395817195972119, 0.975471210947586, 0.724967725277563, 0.7782597469661758, 0.7495997934417765, 0.662587141750581, 0.8981667957655564]
[0.8657120384935687, 0.9927130563523642, 0.9921115943370036, 0.8126677153696675, 0.9629175534375869, 1.0, 0.8369806606828906, 0.8829925048579622, 0.7778523179420747, 0.8640695845285464, 0.7946932543721663, 0.48639770519107983, 0.5341214027944851, 0.4122790783751273, 0.33971037290644945, 0.2907143518090128, 0.2584204682150459, 0.2712362357731101, 0.33755898954381425, 0.53227075043953, 0.3610854076061813, 0.33711945960951223, 0.6286434718238182, 0.49993060053668914, 0.41269547515499216]
[0.6372305599924095, 0.6427023864121585, 0.5037559502158683, 0.47600145493650464, 0.31924786108519315, 0.13004285736877894, 0.15566239147280697, 0.14016415479259245, 0.11824522005914632, 0.14400708490819666, 0.13157686650957567, 0.08092293580883399, 0.08750177913431273, 0.10027991713187732, 0.12762323470339854, 0.11558837948539524, 0.11177707842424049, 0.12049088292505496, 0.13042240602217198, 0.12039599576170668, 0.08721711764426801, 0.07896193443297009, 0.10968956083057894, 0.5004823430803536, 1.0]
[0.2251977401129944, 0.22090395480225986, 0.25401129943502815, 0.3541807909604517, 0.4589265536723161, 0.5533898305084743, 0.7271186440677962, 0.7678531073446326, 0.8118079096045197, 0.9998305084745762, 0.9529943502824857, 1.0, 0.7084745762711866, 0.670734463276836, 0.7075706214689261, 0.7092655367231637, 0.6980790960451979, 0.745593220338983, 0.6487570621468929, 0.5735028248587571, 0.5321468926553671, 0.42322033898305067, 0.37926553672316354, 0.23050847457627105, 0.1709039548022599]
[0.3019565413398248, 0.4179514922008833, 0.5157785591921373, 0.6938959516725268, 1.0, 0.9880082950139748, 0.6817690018934267, 0.36056261833919356, 0.2606167162564239, 0.3145343070958431, 0.40429176810026135, 0.48683617347398767, 0.49220088359931424, 0.6416463799477048, 0.5640158687223873, 0.5086556667568296, 0.5942205391759081, 0.7392931205481916, 0.5958434766928136, 0.19308448291407437, 0.15850689748444668, 0.22874402668830557, 0.21580560815075267, 0.2920836714453157, 0.2540798845911097]
[0.9947897671025895, 1.0, 0.6013650810191212, 0.5586411712603548, 0.6563851404157762, 0.7896107956025631, 0.37190642421716213, 0.47256812379513347, 0.3842546761840254, 0.2881779815557753, 0.2277913822747874, 0.1937685614546969, 0.15609857760641904, 0.14958578648465579, 0.21163966029281478, 0.20174021778773502, 0.1948106080341789, 0.19236179857239616, 0.15787005679153868, 0.11900171937685611, 0.12963059448757355, 0.14015526494034272, 0.12275308706299157, 0.136247590267285, 0.16646694107226584]
[0.3333088072989477, 0.4110072842322124, 0.4909866823633285, 0.4018100213376496, 0.4599367228312851, 0.4435288058273854, 0.520344345522772, 0.48134795084982673, 0.6686042233831212, 0.8983150614377159, 1.0, 0.636524170406887, 0.6518284158634389, 0.6352733426532262, 0.6748583621514231, 0.5658891913766463, 0.5777352659848426, 0.5327790449562207, 0.43241851225075373, 0.4556691928482083, 0.5505849459200939, 0.5013611949083951, 0.622323596497682, 0.43271282466337957, 0.31263336031197114]
[0.06968418360823424, 0.05120828538550048, 0.0565145122107147, 0.1894898350594553, 0.36913438179260966, 0.5287686996547757, 0.6222989387546352, 0.5818948983505948, 0.4926479989771129, 0.30143204193837103, 0.33224651579081965, 0.4896432681242808, 0.6897455568341643, 0.7898606316327837, 0.7608362102032987, 0.8718833908707329, 1.0, 0.7671013936836724, 0.823871627669096, 0.5849635596471041, 0.5749904104334486, 0.43140263393427947, 0.3049482163406214, 0.2158291778544942, 0.26160337552742596]
[0.43828213879408406, 0.4485210466439134, 0.6383674630261658, 0.7065794463405386, 0.6259954493742889, 0.5715775502464921, 0.5257868790291996, 0.5525218050815319, 0.5432783466059915, 0.514979142965491, 0.671075085324232, 0.6268960940462649, 0.44814182783466033, 0.4921786120591583, 0.635049298445203, 0.7354474781949182, 1.0, 0.9835039817974972, 0.6537258248009099, 0.6341012514220704, 0.5847080015168752, 0.3991751990898748, 0.32143534319302225, 0.34708001516875225, 0.33812097080015163]
[0.9490014743331989, 0.9873341375150783, 0.9698431845597106, 0.8444578474735293, 0.7535182951347003, 0.676852968770942, 0.6962203457981502, 0.7364294330518695, 0.7712773086717601, 1.0, 0.8409060447661171, 0.8604744672295934, 0.6267926551400619, 0.37005763302506345, 0.44142876290041516, 0.3622838761560111, 0.36342313362820006, 0.41529285618549766, 0.38480096501809397, 0.4268864763436536, 0.39378099450475784, 0.42373676450877845, 0.47259080552204796, 0.447594156279319, 0.43211365768663706]
[0.2600727052408362, 0.2278097546198124, 0.23583762496213273, 0.31853983641320827, 0.4435019691002728, 0.8859436534383519, 1.0, 0.9260830051499541, 0.49848530748258074, 0.34641017873371727, 0.35913359588003635, 0.4095728567100879, 0.4927294759163886, 0.5793698879127535, 0.8653438352014539, 0.7347773401999391, 0.6110269615268099, 0.4180551348076341, 0.35989094213874556, 0.43895789154801523, 0.6014843986670706, 0.6287488639806121, 0.69251741896395, 0.63102090275674, 0.46970614965162105]
[0.4863090186268819, 0.3474337785321837, 0.5943181310582036, 0.9766382275427707, 0.9104837628981106, 0.9353196051279764, 0.9347389109751199, 1.0, 0.9437173359539018, 0.6326886139277258, 0.6424264081833209, 0.7893420288560328, 0.7000044668780994, 0.7457899673917898, 0.569482288828338, 0.418546477866619, 0.33707062134274357, 0.20065216420243906, 0.21070263992495636, 0.27359628355742177, 0.2736856211193997, 0.2538080135793093, 0.2526019564926073, 0.3536427390896503, 0.2601509804797426]
[0.3695341170616407, 0.5600547365802077, 0.626609442060086, 0.7667475275237919, 0.7529389811532007, 0.7929962057597816, 1.0, 0.8907756422218076, 0.5034521365926478, 0.6513031038129008, 0.46837096473222617, 0.5290788082353673, 0.5602413385581887, 0.6277290539279717, 0.5604279405361696, 0.4189836412265967, 0.3477016856378679, 0.4815575045095478, 0.5578777135037633, 0.4608446849536604, 0.5078061827455372, 0.5277103937301737, 0.5111028176898674, 0.7023076444610316, 0.8612303290414881]
[0.8395626985610165, 1.0, 0.8053634834610351, 0.8254531863203138, 0.6964118856288543, 0.7933096617454681, 0.6780041113810504, 0.46524014202952696, 0.5861521210988596, 0.7684544944870115, 0.7653709586993085, 0.462904130069146, 0.41506260512053816, 0.4715940945617641, 0.3742291160530743, 0.45897962997570535, 0.5318632031396, 0.49747710708278825, 0.5568118108764716, 0.49551485703606796, 0.5179405718557281, 0.525135488693702, 0.4037563072322927, 0.23229302934031024, 0.18697439730891435]
[0.04767208732457118, 0.05106928046335487, 0.0822009356204055, 0.1936400089106705, 0.3424482067275561, 0.4480396524838493, 0.5362552907106258, 0.6185676097126308, 0.4723212296725326, 0.32033860548006216, 0.3584874136778791, 0.5608710180441075, 0.6858988638895077, 0.6045889953218977, 0.6884049899754956, 0.6758743595455553, 0.7058921808866119, 0.8094230340833148, 1.0, 0.8753063042993986, 0.7981733125417684, 0.6128313655602583, 0.693528625529071, 0.7381376698596566, 0.7115170416573844]
[0.5321521891530172, 0.5325345739595942, 0.5450258109744436, 0.6710216047415711, 0.856796889936906, 0.8840736728060667, 0.8385698808234018, 0.9728506787330314, 1.0, 0.9368427761136954, 0.9024281435217638, 0.7153782423045054, 0.8626601236377539, 0.8525269262634628, 0.6814734561213429, 0.49869351857752825, 0.6328468548849655, 0.6711490663437636, 0.8730482442164293, 0.6772034924478997, 0.6838952265629978, 0.8190045248868775, 0.6099674972914406, 0.4595628067044801, 0.42565802052131757]
[0.11232698450254357, 0.2868212468945936, 0.4245829882881814, 0.6491778066958475, 0.7583106589376548, 0.7193895658346147, 0.721341535549509, 0.7693718206553882, 0.6830119484206788, 0.8288773216609483, 1.0, 0.6034543948893882, 0.6238613509996451, 0.6728380456642606, 0.6135691470483848, 0.5881343901573404, 0.5129539808352059, 0.43292322252454724, 0.34135809771678666, 0.26588193540754745, 0.27274340470838754, 0.1735478528333135, 0.16112622737489643, 0.12871169998816973, 0.09753933514728497]
[0.4425657671624435, 0.35531224262390365, 0.3468339712223241, 0.26733200910808574, 0.48224407732183483, 0.6031200038757809, 0.6553946029746619, 0.7826655685286562, 0.745845647013226, 0.6450268882321593, 0.6628070345428999, 0.7515139770359962, 0.6872244561794485, 0.9104210067341697, 1.0, 0.8687563587035511, 0.7160505789448182, 0.6868368780582335, 0.6304442614214427, 0.7235599050433601, 0.5991957753984782, 0.6117436170728161, 0.4681459231626373, 0.4951310498522357, 0.4548229252458697]
[0.9775280898876403, 1.0, 0.8928006658343737, 0.9439866833125261, 0.8367041198501873, 0.7682480233042034, 0.7427798585101959, 0.7705368289637947, 0.8331252600915523, 0.858635039533916, 0.5848106533499792, 0.37777777777777777, 0.3444444444444442, 0.5037037037037038, 0.36654182272159763, 0.302496878901373, 0.29071993341656244, 0.3328339575530585, 0.27386600083229273, 0.3495630461922595, 0.17773616312942148, 0.08243861839367456, 0.07553058676654176, 0.051227632126508535, 0.05464003329171871]
[0.3636296378500353, 0.3842710760921835, 0.5862464395368624, 0.636703288573225, 0.4612140716901562, 0.35475159989642274, 0.47675063810897816, 0.5444456775052713, 0.5088225502164022, 0.64735693411756, 0.6359634520770908, 0.8690119483594128, 0.8594310657344729, 1.0, 0.6183923352939, 0.3333703251581399, 0.3356268264713498, 0.30063256020419477, 0.28265453334813, 0.33085488107128325, 0.3280435023859727, 0.37924018791847, 0.38981984981319134, 0.4627677283320385, 0.34794510413198665]
[0.12444623439387839, 0.37039561324700265, 0.48666315561200785, 0.4282040955419932, 0.45134607639641866, 0.5220112147216455, 0.5837231636667801, 0.7313423588091327, 0.7841630781622726, 1.0, 0.6286440100374854, 0.4767495895164039, 0.6176151677561261, 0.5777130642213205, 0.4957712444623438, 0.49487282753493, 0.48684903497630017, 0.41602899718082964, 0.44437560023544725, 0.518820285634623, 0.6253601412683168, 0.4830694879023514, 0.5109204126521889, 0.4526472319464667, 0.37609591375197493]
[0.14814586480071512, 0.5598471070558861, 1.0, 0.8778705958509299, 0.6472365216855216, 0.44893807219259557, 0.5207915908880735, 0.6027865972072378, 0.6843808760519094, 0.8144631793101327, 0.7232206158873034, 0.6457569125489352, 0.44212570512622934, 0.39397675780647934, 0.3761906229770969, 0.3692857803396936, 0.4033167904811813, 0.47575598779322453, 0.523874109922629, 0.5081532628463981, 0.4712246848124288, 0.5452359668320954, 0.5243056625874668, 0.4624086803736014, 0.7080854474276381]
[0.5922123710271163, 0.5148027168559132, 0.5184321045263648, 0.6027375952714262, 0.7255664437185665, 0.7382693005651473, 0.6306320319386113, 0.6772437393062684, 0.9139835122102964, 0.9023694716648516, 1.0, 0.6720070513817594, 0.48110125991600533, 0.4744128169233158, 0.4274900191839059, 0.5448229377300768, 0.47716078187380057, 0.5092549385596513, 0.5807538756675479, 0.3776118629128424, 0.3004614507181, 0.2747446466531861, 0.19318712085860928, 0.12739150723285106, 0.13262819515735982]
[0.22744076329965154, 0.4110481287187974, 0.44639650741118925, 0.4538957152413479, 0.4613245079745101, 0.5428299827483015, 0.6094074569587725, 0.8511776924972716, 0.8070274266802806, 0.7155230081329441, 0.7610463683413728, 0.8850121466042322, 1.0, 0.8416716544027043, 0.7931908601204103, 0.8303700313347187, 0.6652466288772315, 0.4989965848677961, 0.27736506707037994, 0.13167623138400877, 0.13593634475231492, 0.12315600464739636, 0.09333521106925331, 0.11132626835193463, 0.11150230609442663]
[0.1082864465195746, 0.25360120187350854, 0.3990043302795533, 0.433293074498483, 0.5001620172622027, 0.5378089374613362, 0.5695054054850206, 0.8017203287477537, 0.7535864730314898, 0.9087990102218158, 0.7703184375644383, 0.7627183550829231, 0.9967007393878693, 0.859074439567561, 0.9513653636551093, 1.0, 0.7658114119067958, 0.5407841635490617, 0.40374701740949115, 0.34995728635814627, 0.3692520694023035, 0.31060182048487334, 0.357468995787551, 0.31372433499278274, 0.34050136978230755]
[0.5971960318111008, 0.5725178322538328, 0.588669344920882, 0.5562023448388945, 0.7847831433959174, 0.5366893498401245, 0.32975321800442725, 0.3223743543494301, 0.28990735426744274, 0.3260637861769288, 0.6067065671886528, 0.7760924817578091, 0.7609248175780927, 0.796589325243912, 0.9187505124210871, 0.8379109617118964, 0.975895712060343, 1.0, 0.9682708862835122, 0.8920226285152089, 0.853324588013446, 0.7493645978519307, 0.6170369763056487, 0.4678199557268178, 0.0]
[0.8514328986913414, 1.0, 0.7313581181816036, 0.6079466123955796, 0.5990486783254846, 0.58179709870554, 0.6793903968573253, 0.6773788958042456, 0.5994036490995576, 0.7783562486688598, 0.5850155003904678, 0.6300731239794592, 0.5526894952315594, 0.5431289490498618, 0.6000899259294318, 0.5819390870151692, 0.4822396289372179, 0.4668575620607236, 0.6178621293513502, 0.7478524268168589, 0.754170906595357, 0.693991528030859, 0.5133350687460068, 0.5404785006034505, 0.6095794779563151]
[1.0, 0.8507182031862107, 0.8647688691564377, 0.6921911726299299, 0.6295638547923739, 0.6633585792635153, 0.6720292504570383, 0.5569600417863675, 0.6742230347349178, 0.6637242099764952, 0.37142857142857144, 0.30822669104204736, 0.2637242099764951, 0.23614520762601202, 0.1541394620005223, 0.2602768346826848, 0.37581613998433006, 0.44549490728649804, 0.41373726821624446, 0.4348916166100808, 0.3916949595194566, 0.23813006006790294, 0.22575084878558366, 0.179054583442152, 0.1526769391486028]
[0.6225499861971051, 0.6923926331979332, 0.582403281145246, 0.510273297314351, 0.6163189651772684, 0.6126119020388843, 0.4898844500532396, 0.5582284970619552, 0.6858066806010175, 0.8738021059273574, 1.0, 0.7687423591118824, 0.6143865599242813, 0.8052214378672553, 0.88610640059944, 0.6570966596994912, 0.5875300705919467, 0.5873723232243561, 0.518042355168198, 0.6123358441456006, 0.5189494025318451, 0.5046338289229798, 0.5635919075600425, 0.488622471112513, 0.5166620657017782]
[0.7429213044327277, 0.46494825229447334, 0.6292716266354225, 0.7152899824253075, 0.9952157781683264, 0.8857644991212649, 0.6389377074790077, 0.635227494629955, 0.42384299941417686, 0.42003514938488595, 0.393184924819371, 0.43721929310681523, 0.4075375903143917, 0.3850810388595975, 0.3183948447568834, 0.3806873657488773, 0.39572349150556524, 0.39826205819175925, 0.44981448935754725, 0.758152704549892, 0.9459090021480178, 1.0, 0.8810779144698296, 0.6865846514352661, 0.5331966412809992]
[0.1417631041524847, 0.1700136147038802, 0.44019255081201997, 0.5449042108334146, 0.6054410191578334, 0.5858941943012741, 0.6332782261985802, 0.5404064961587087, 0.47831372167655367, 0.5239229796751923, 0.596105222211417, 0.6128318584070798, 0.644753476611884, 0.9429398035592729, 1.0, 0.8784401439268699, 0.8466643975493535, 0.8216716911407179, 0.6599970825634544, 0.6847952932023734, 0.4706554507439465, 0.478094913935622, 0.5958621024992709, 0.7085967130214923, 0.7280219780219787]
[0.08199485313692428, 0.20028396485934868, 0.4130801313337474, 0.4556748602360459, 0.5311917650190789, 0.7882687017481588, 1.0, 0.5529328245629602, 0.4546099920134883, 0.3495429940544858, 0.6405182358683112, 0.6469961842222025, 0.6052888455053684, 0.5563936462862719, 0.5302156358150677, 0.5425503593930248, 0.5178809122371105, 0.4911704676546276, 0.5506256100807522, 0.535539976927855, 0.4947200283964858, 0.4179607773538025, 0.44467122193628544, 0.46002307214482185, 0.4760848345017302]
[0.5186124190108253, 0.5272646786591012, 0.5858988289267175, 0.5418729123908408, 0.5954766791420176, 0.6613948247414384, 0.7053000120729203, 0.6494023904382471, 0.7915811501468873, 1.0, 0.7253813030705463, 0.6897661877741561, 0.3401746549156909, 0.26693227091633454, 0.22210149301782767, 0.19940440259165362, 0.21276510121131634, 0.24266570083303157, 0.2423035132198479, 0.27437723852066487, 0.3638375789770211, 0.3807799106603885, 0.37619220089339606, 0.345526982977182, 0.26661032637128246]
[0.05947062294529218, 0.06532917474500552, 0.07477029419202558, 0.07877434038607428, 0.06773160246143468, 0.1527859731939643, 0.32925904071482737, 0.4364410351513106, 0.6198684986934164, 0.7168507122987436, 1.0, 0.9361881480232654, 0.7619910646548088, 0.7593357498103344, 0.7346792548259289, 0.9429318047711372, 0.7872797774593271, 0.5536542190002526, 0.34291494562926716, 0.2878698474247658, 0.21508050240242754, 0.2655314844474413, 0.27602630026131636, 0.2716850712298743, 0.30186293517659923]
[0.635304215773662, 0.8217622396091252, 0.557459311346605, 0.6904691162391475, 0.6698689379683737, 0.7417714832788618, 0.6799709484665409, 0.6839655343171243, 0.8520682711036281, 0.6638935657456012, 0.6698359248621707, 0.7260242316199533, 1.0, 0.8159849460235716, 0.8209369119540457, 0.818923112475653, 0.8525964808028789, 0.8653725529035031, 0.9606813905120334, 0.8344722854973429, 0.5434287412102607, 0.667491994321746, 0.6660394176488066, 0.5909346010366116, 0.49387606879931345]
[0.47775151577432945, 0.5435207070188061, 0.45356763607714157, 0.47785428013564907, 0.5771246531702805, 0.6138457849484465, 0.6238824375706508, 0.9140889939369026, 1.0, 0.9114513753297022, 0.7440139759531397, 0.8099201863460418, 0.520364470934813, 0.5111156784160588, 0.7020176069605727, 0.8287603192546161, 0.5200904326379612, 0.6011715137190424, 0.6365909635871614, 0.5386222724625765, 0.47319562908916535, 0.4782310827938204, 0.35419449868119074, 0.3659438906587194, 0.43674853560785115]
[0.2249940977414023, 0.24903596442905476, 0.26678208861257563, 0.32997560399779635, 0.5276225702368772, 0.5412371134020619, 0.5016132840166835, 0.5020461163138427, 0.7905485165656729, 0.9957110254190605, 0.8423703470528053, 0.8985598489021794, 0.9214212638703076, 0.8500432832297162, 0.8106948925788939, 0.6420083418588179, 0.704690328165578, 0.7653655465491462, 0.7566695522153145, 0.8260014165420633, 0.8466593216337452, 1.0, 0.9008420555599276, 0.9469190210120408, 0.9683638939167389]
[0.6908478402737358, 0.835511579095896, 0.8386510750127874, 0.84463022734889, 0.9760304778030588, 1.0, 0.8587755965924122, 0.6321674868158811, 0.5478949503501068, 0.5481771522302767, 0.5293225391114169, 0.4993033141083303, 0.5198511385082106, 0.4461435349313014, 0.43982926786249726, 0.40525953754166916, 0.36790306365416153, 0.32620773585904034, 0.3375839991533944, 0.3218512443339154, 0.2637529322539112, 0.2624830237931461, 0.2442457272871581, 0.11482088999417961, 0.1323703194172532]
[0.11722469956919357, 0.2267402312750358, 0.273486508956239, 0.2897740155694958, 0.32556118207240553, 0.35961000680220684, 0.3592321064167485, 0.5414934623233316, 0.7175572519083973, 0.8581739853374655, 0.9933489532159322, 0.966895926233845, 0.8325901292419321, 0.7087521729272163, 0.9741516136346459, 1.0, 0.8508049278210267, 0.6607210339354548, 0.20380167787771133, 0.05366185473509192, 0.06360063487264758, 0.06299599425591401, 0.0692313506159776, 0.05702516816567155, 0.0564205275489381]
[0.3092879426413442, 0.3434951562585518, 0.31782606316019935, 0.3511575721088063, 0.4323244485797165, 0.5088938755404738, 0.44770401182201286, 0.4913250506266762, 0.6971156477477967, 0.6456132669257293, 0.5607793771550543, 0.5603962563625418, 0.48618028569864813, 0.656997427617536, 0.7004542717968365, 0.7757101417546933, 0.8462590991188219, 0.6462153138853922, 0.7939357451699418, 0.9175195665261897, 1.0, 0.6449564884242787, 0.3631985113020633, 0.38624049039461433, 0.3980077718789339]
[0.4227914130943624, 0.8263893533070286, 0.9825453086337187, 0.9517822510533002, 0.8606968501304085, 1.0, 0.9108540092289171, 0.6713702935865712, 0.7594462649635524, 0.584832475088611, 0.457633919614793, 0.5285895806861495, 0.4030629305156153, 0.4686684946164647, 0.47910118370895466, 0.49167391158964724, 0.4397110947635925, 0.43850732294522815, 0.3763793218752089, 0.3716979870260149, 0.4853206714371697, 0.4525513274928109, 0.6446198087340332, 0.6649501772219618, 0.8913930314986959]
[0.3403372961017415, 0.3998479402820013, 0.7589162289189938, 0.9133950787945808, 0.8401990599944706, 0.7522117777163395, 0.7762648603815318, 0.8569947470279234, 0.8506358860934474, 0.8656345037323746, 0.8071606303566492, 0.9939867293337018, 0.8602432955487973, 0.7907105335913738, 0.7794442908487694, 0.9738042576721038, 1.0, 0.7293337019629529, 0.9287392867016864, 0.872131600774122, 0.7255322090129944, 0.5322090129941938, 0.47808957699751153, 0.4522394249377936, 0.36812275366325653]
[0.0786307405524487, 0.22594233422906532, 0.362408308519137, 0.3651681313094633, 0.42305178299077656, 0.578667054010216, 0.6152226014961146, 0.5011499261626361, 0.46425545307090804, 0.4450093204541603, 0.41593434526835643, 0.414796523591643, 0.41237562640714664, 0.5374633839300845, 0.6339361367322728, 0.7494371414046045, 0.691093519258237, 0.6729609993463578, 0.686179097973709, 1.0, 0.9461350376449509, 0.9423584380371361, 0.9170358534873025, 0.7867431670176965, 0.7633330912436148]
[0.5489967529764385, 0.6586462409457998, 0.7709599533760721, 0.7190908334027141, 0.667471484472567, 0.6890350512030641, 0.5929564565814669, 0.6543168761968198, 0.6140204812255431, 1.0, 0.717259179085838, 0.5567396553159603, 0.5440845891266339, 0.5408375655648987, 0.5386728831904087, 0.4705686454083758, 0.5141953209557903, 0.5693114644908832, 0.5892098909333112, 0.6161851636000333, 0.5088668720339687, 0.5646490716842893, 0.6633918907667972, 0.643077179252352, 0.42461077345766396]
[0.7245713455390873, 0.7771723336239466, 0.9508137169427497, 0.9608398721301947, 0.9423859343214188, 0.7635861668119736, 0.8035454809648357, 0.8885498401627434, 0.9933158965417029, 0.9099825632083698, 0.77615518744551, 1.0, 0.8070328392909041, 0.5707643126997962, 0.5201976169718104, 0.3338419064225514, 0.16223481546062188, 0.20161290322580644, 0.19303981400755604, 0.1846120313862249, 0.20713455390874755, 0.24818366753850632, 0.6653589072943913, 0.40540540540540526, 0.3939261842487649]
[0.5240009458500827, 0.6337195554504605, 0.7048947741782925, 0.5929297706313548, 0.7001655237644833, 0.755379522345708, 0.7357531331283986, 0.639276424686687, 1.0, 0.9971624497517144, 0.7327973516197678, 0.576613856703712, 0.5576968550484747, 0.6768739654764715, 0.7222747694490415, 0.7177819815559228, 0.6324190115866629, 0.7635374793095288, 0.7672026483802308, 0.7565618349491601, 0.8315204540080394, 0.735634901868053, 0.61811302908489, 0.7104516434145182, 0.761882241664696]
[0.7348919276576971, 0.6772533450963093, 0.6513747978238492, 0.7115130127922367, 0.8450227907660641, 0.7332745184531685, 0.9186884281723277, 0.9288339950007352, 0.9773562711365971, 1.0, 0.9810322011468898, 0.6604911042493752, 0.6152036465225701, 0.5524187619467725, 0.39332451110130867, 0.3761211586531393, 0.46934274371415974, 0.5972651080723423, 0.45522717247463584, 0.4719894133215704, 0.375385972651081, 0.3431848257609178, 0.25760917512130566, 0.2837817967945894, 0.4475812380532276]
[0.3386800334168754, 0.557644110275689, 0.6427736006683374, 0.8185045948203844, 0.844360902255639, 0.5851294903926484, 0.5074770258980784, 0.5619465329991646, 0.6624060150375938, 0.7078947368421055, 0.7008354218880534, 1.0, 0.7927736006683376, 0.4729323308270676, 0.4057226399331661, 0.40722639933166227, 0.4371762740183793, 0.5963659147869675, 0.6418546365914787, 0.5604845446950708, 0.5474101921470342, 0.45087719298245604, 0.4347535505430242, 0.41290726817042606, 0.43742690058479533]
[0.09734419074990684, 0.10373090638139337, 0.13273723987439462, 0.09899409228804093, 0.09111714300920759, 0.12613763372185857, 0.1165043376443663, 0.09159614668156889, 0.12203949119165466, 0.19208047261695663, 0.493001224120496, 0.6387780084091753, 0.6850284741071905, 1.0, 0.911650433764437, 0.9773803821384852, 0.9347490552983124, 0.9683857576241414, 0.8151578050987278, 0.6061525360583319, 0.46149342700516244, 0.39294267922720716, 0.2856458566182339, 0.22811219330459295, 0.2877747618287293]
[0.9128855790005981, 0.833678113363674, 0.9210223877166368, 0.7933158644784625, 0.6840435801958349, 0.8002574357559873, 1.0, 0.8493081414057836, 0.7501953753505262, 0.4070243184848065, 0.42982577115800114, 0.5951822737093735, 0.6660230772766975, 0.563876246954443, 0.5413046476348086, 0.6169264009561899, 0.5951822737093732, 0.7427940973658809, 0.5569806463476302, 0.4282627683537903, 0.44513400450512564, 0.4608559738886589, 0.5628189215280651, 0.46278674205856685, 0.44559371121224645]
[0.39869737148173995, 0.7855315189578973, 1.0, 0.9711560828099557, 0.5334961618981158, 0.3770644335892069, 0.3834612700628054, 0.6610839730169806, 0.7719237031867876, 0.5381484066061875, 0.3712491277041173, 0.29099790648988155, 0.3374040474528963, 0.4081181670155852, 0.3529890672249361, 0.38066992323796234, 0.30879274249825545, 0.3093742730867643, 0.3455454756920213, 0.4089323098394975, 0.4080018608978832, 0.4798790416375903, 0.35124447545940934, 0.24273086764363802, 0.25726913235636195]
[0.687553220212258, 0.8771937111881867, 1.0, 0.9232175123055519, 0.6991007082182393, 0.6876986022554986, 0.7338054788261443, 0.607717709609753, 0.5502710336663275, 0.5182246775633971, 0.46856632536501297, 0.3837878252923218, 0.3823132359965939, 0.2918232985108726, 0.3272134416083408, 0.37967559035494003, 0.35857442522170757, 0.30883299757004307, 0.3453446592867972, 0.29547861845521217, 0.272175953810048, 0.17697148435066143, 0.18033604020851937, 0.10031360983613365, 0.094560634696463]
[0.5997561795863461, 0.6480578442912394, 0.6400285858416008, 0.6434757020346392, 0.6176643685892047, 1.0, 0.865646544476207, 0.8132671935429628, 0.9027240625525474, 0.7532369261812678, 0.5675550697830836, 0.7106524297965362, 0.5112661846309066, 0.4232806457037159, 0.45863460568353787, 0.4972254918446274, 0.4337901462922481, 0.4978140238775855, 0.6235496889187826, 0.6549520766773164, 0.6428030939969733, 0.7038422734151673, 0.6864805784429122, 0.6523877585337143, 0.6344375315285017]
[0.470972388955582, 0.6121968787515006, 0.7105402160864343, 0.7417046818727484, 0.7762785114045619, 0.7835294117647057, 1.0, 0.8035534213685472, 0.6803841536614645, 0.7207202881152458, 0.4773109243697478, 0.4620888355342135, 0.5453061224489792, 0.4943097238895555, 0.5688355342136853, 0.47457382953181243, 0.5531332533013203, 0.5953421368547419, 0.8352941176470583, 0.79015606242497, 0.8143097238895555, 0.8532533013205285, 0.8206482593037211, 0.8585834333733492, 0.9310924369747896]
[0.5219634203532901, 0.5188890625814182, 0.8509718097024646, 0.9523735084154034, 1.0, 0.7744255119587306, 0.7183575634411961, 0.5208170496586938, 0.6260226147673384, 0.7759366369652441, 0.8102235422854464, 0.5882444896045019, 0.49882757542598094, 0.434630816528581, 0.482465739148559, 0.45370225626595784, 0.48600906675003896, 0.5755301964462508, 0.4370798811943097, 0.44698035537491515, 0.43332812255744885, 0.45260799333020674, 0.46193528216351404, 0.25001302693971117, 0.28268459173570926]
[0.3051295610787943, 0.40036136083201135, 0.46214524942711105, 0.4861184558434691, 0.4967389388330689, 0.4819760267935839, 0.5463599506433986, 0.5190375462718142, 0.5407191961924911, 0.7882954345143659, 0.7728274281685178, 0.8343469063987312, 0.7020095187731362, 0.9542129384805224, 0.7627357659086906, 0.6972501322051826, 0.7768376520359599, 0.6410629296668432, 0.6865415124272873, 0.7000705094306364, 0.5987572712850345, 0.7912039485281155, 0.8231535342852111, 1.0, 0.876344086021506]
[0.12951807228915668, 0.294472005669738, 0.47971296952515974, 0.5554571226080798, 0.5576718639262936, 0.7534549964564146, 0.878897944720057, 0.7001240255138201, 0.5421686746987954, 0.5551027639971655, 0.7773742026931257, 1.0, 0.7972182849043232, 0.3844790928419563, 0.6203933380581151, 0.7021615875265771, 0.710489014883062, 0.7789688164422399, 0.7926116229624387, 0.7869418851878104, 0.7727675407512407, 0.6054216867469885, 0.6550318922749826, 0.6183557760453584, 0.48245924875974505]
[0.1740514855365321, 0.1813260832292356, 0.1699610551840694, 0.15979621329022461, 0.1725083890562617, 0.14032380532490757, 0.1880373282386655, 0.21235946799911806, 0.2639919661008646, 0.3755847845788326, 0.6250275552942904, 0.6364415705293066, 0.7596933401915398, 0.6627966786685283, 0.6134175912998749, 0.7738506380581478, 0.7773532221324121, 0.6297793127097262, 0.8898278100276776, 1.0, 0.6700222891713818, 0.7251328777524673, 0.7494795111078453, 0.8976902539985793, 0.8705513508217602]
[0.7305379809014816, 0.6413329665579438, 0.47156835776319395, 0.42625849805478044, 0.42303611427673193, 0.5728376625928401, 0.6432192399889968, 0.7099461626124884, 0.8240657051911815, 1.0, 0.9631783707313236, 0.8919322513459346, 0.9474201281094041, 0.9489920226352812, 0.8683931308209217, 0.808189570479821, 0.7168624985263485, 0.6278146736353988, 0.5022988957440954, 0.5477659449050968, 0.5322434864620583, 0.502102408928361, 0.36259676975674926, 0.30196093842103167, 0.29386568161276366]
