 1.0 0.8553453947368425 0.5603344298245616 0.8938870614035088 0.6662554824561401
 0.8763511732138153 0.6438834695491696 0.5551344582124966 0.5769839177432112 1.0
 0.8690584350832096 0.8465885168524387 1.0 0.9286015024264843 0.9711480931593058
 0.9856270212001436 0.6936399568810636 0.8414660438375852 1.0 0.6924901185770747
 0.6069102434606943 0.7337605795688062 0.8293685347079515 0.6463028107693918 1.0
 0.4196517827390867 0.6478257247584136 1.0 0.8941186271242915 0.5901366211262911
 1.0 0.6609954649164813 0.5386608827920341 0.8341736852483033 0.8088222866961495
 0.4895611073598919 0.6357326130992572 1.0 0.9434166103983797 0.6627683997299121
 0.45761979104119116 1.0 0.8039149753812894 0.433433409391137 0.3640206556983306
 0.36551740446462355 0.4449962164207339 0.6777336360196747 1.0 0.7205590238365492
 1.0 0.9224519181322636 0.9803558572457062 0.9807672529054821 0.663272652473516
 0.579681651480207 1.0 0.7718628303527543 0.8213543045105671 0.7897084955952965
 0.8506937374560054 1.0 0.9240815614183081 0.4029785624945462 0.8238459524709854
 0.7073222377503919 0.8624486511667303 0.8502943293948253 1.0 0.9028924744843944
 0.41824858757062106 0.829774011299435 0.906045197740113 0.7868926553672317 1.0
 0.9462635482030807 0.8514546491728465 0.5137478608100401 0.7216771249286936 1.0
 0.3750316664133348 0.681613213760956 0.7135836246643356 1.0 0.7019303845569231
 0.43570120662941897 0.5986666040659183 0.7310671862528753 0.9385417155735009 1.0
 1.0 0.8652379805762895 0.8196484469058509 0.8166385745244398 0.8679669315354362
 0.314721363069076 0.729610939280482 1.0 0.7326496283032177 0.35045309023821164
 0.6012662316687121 0.6114090057497256 0.8515730990374059 0.9026099877253053 1.0
 1.0 0.687992235163616 0.4241541874653354 0.8315585135884637 0.5364947310038823
 0.9563495775262685 0.7933776073332716 1.0 0.8641224706139125 0.4898200979016619
 0.8311613328934343 0.9506351039260971 0.6131227317716925 0.9124051468162317 1.0
 0.448384442994525 0.49063856344500884 0.40069785254319024 0.5906357266460526 1.0
 1.0 0.7676598975137601 0.7055228696147277 0.7040045549440122 0.5437464414499903
 1.0 0.9678825488118661 0.656909338580294 0.6062055395792342 0.5215680339034358
 0.3153718062132485 0.483139928188583 1.0 0.45506582713222643 0.19480147785814633
 0.13929344763147747 0.2602853498650372 0.8245483937946786 1.0 0.4965146975943999
 0.8194005061689333 0.5877491300221449 1.0 0.7577507118000633 0.691909205947485
 0.6383993459302326 0.7629905523255814 1.0 0.9275526889534886 0.5210301598837209
 0.27252775626129616 0.5951889147086669 0.9879292538084177 0.9749117824253383 1.0
 0.8458962887932248 0.7873723305478175 0.9472158915055849 1.0 0.808474719338229
 0.22803977836735426 0.6688144097316223 1.0 0.8113595755049002 0.6603136787770498
 0.35881390412170555 0.24024854059791279 0.740801344418893 0.9549354325137103 1.0
 0.5935846621808464 0.8287399760346577 0.722333855654899 1.0 0.9134298091990047
 0.7243484386006105 0.9816355281253146 1.0 0.9799416361989739 0.5732901754268277
 0.8677850938638278 0.780715886803026 0.80421686746988 0.9055757915382463 1.0
 0.35400590918218044 0.6723272424772667 0.8418289779409655 1.0 0.773270990505149
 0.39806982896747023 1.0 0.8007974065655623 0.6018742780489621 0.33658754704326116
 1.0 0.8609241008575449 0.8551388711122485 0.7705106873160118 0.6276718290029436
 1.0 0.7369330280020888 0.7870716323169015 0.6959141858503077 0.9067132698565747
 0.476119355556262 0.6618894785344308 0.8026629381295878 1.0 0.5939178238901778
 0.6124130266718206 0.8120168148434481 0.7145583687669117 1.0 0.9364611519134134
 0.5421700478687029 0.9505736646151509 0.8131980852518805 0.756477471316769 1.0
 0.6713495740547004 0.9246322351986676 1.0 0.6093046096035185 0.5224715502700854
 1.0 0.8068593479288078 0.5600094503071352 0.4342809891321469 0.33973854150259886
 0.5202328610975412 0.5025240188894317 1.0 0.8770965640775115 0.4121885686370298
 0.3341727248839447 0.8134142068844697 0.9276079530524647 1.0 0.6351055443636677
 0.17560021001384185 0.49677819674478585 1.0 0.875590663930123 0.8121092071977476
 0.35671843349088445 0.7048278190411885 1.0 0.9329169480081031 0.5612761647535448
 0.6577097400795489 1.0 0.7355008787346228 0.8121820368143557 0.44870964758116755
 0.4993639981945753 0.7592220261786548 1.0 0.6008370604406877 0.5297689877313199
 0.4388797599485604 0.616989354861756 1.0 0.6850039294134457 0.5644781024505249
 0.5633468182110063 0.7836426293371005 1.0 0.6354802114771294 0.6231297758941761
 0.3332837286824011 0.8218696985029311 0.8341914937944577 1.0 0.5635286764487035
 0.45487407548336506 0.836000856144023 0.3692834550167664 1.0 0.9809032319436852
 0.777523418587517 0.6710609409535834 0.9845279444269021 1.0 0.7664456373013362
 0.5230334099345944 0.96372635672618 0.8610217429733076 1.0 0.4999116139296446
 0.49053780832996363 0.6883946623534172 1.0 0.5921957137080472 0.7405175899716949
