 0.0 0.0 0.0 0.0 0.0 0.0 0.0 0.030749242096145532 0.1905225927529955 0.24097733506568497 0.30294499783456047 0.3892738559260865 0.5373177421683271 0.6036884654251483 0.5494442038400464 0.7359607333622061 0.6201097156056018 0.7583008517395703 1.0 0.8134112891583665 0.8476974159087635 0.633932438284972 0.7226432799191577 0.8028728165150862 0.646708531831962 0.7592752995524759 0.29540204994947306 0.2637144507001588 0.14497618016457345 0.1633102353111015 0.09419662191424857 0.0 0.0 0.0 0.0 0.0 0.0 0.0
 0.0 0.0 0.0 0.0042984023408166976 0.08117765866542373 0.25684248685880007 0.2845231621740594 0.27569331158238175 0.1418990652269607 0.29374142261581093 0.3252803024418033 0.4655480462984544 0.5272793184701834 0.3485848934462312 0.3182630311504701 0.2559361972086278 0.2458375411067091 0.45943706465729317 0.5348403635516198 0.5373002926020871 0.5989020948237914 0.521971050519175 0.38077112302234656 0.4290893083715271 0.6978171366425857 0.9680986043139385 0.970921049224475 0.9266682203060669 1.0 0.7777259897977681 0.7569331158238174 0.596752893653383 0.3241668608715918 0.17934177477407492 0.11362282814158832 0.0 0.0 0.0
 0.0 0.0 0.0 0.0015101093431024342 0.022148270365502373 0.05892222936883019 0.05366481165580689 0.11711736905394439 0.11608266450404087 0.15601666713274967 0.2906680835593836 0.2587600324393857 0.3693335943398863 0.4037584943650549 0.5626275902569979 0.4820884252915348 0.696523952012081 0.9963086216057497 0.7574316955172126 0.4273050141223188 0.6091054000391506 1.0 0.7221119158813164 0.6940350680947449 0.6063927962191337 0.6343857490421989 0.6471098185072288 0.5837131910847616 0.5602226013031683 0.5124024721049245 0.6324561648815683 0.42610251964540374 0.38460247769792233 0.43066081266254647 0.21647697083251752 0.0 0.0 0.0
 0.0 0.0 0.0 0.001841196777905637 0.05134428287477767 0.09862956376189973 0.20443561041949995 0.3014541270007324 0.6241866304006697 0.5114970185165814 0.5080866199393244 0.749178784391673 0.6596505910660111 1.0 0.6810545036091642 0.45460822261742856 0.41399728005021463 0.43119573177110593 0.29224814311120423 0.44960769955016255 0.5532796317606445 0.551480280364055 0.5493252432262788 0.6005021445757929 0.82450047076054 0.5588241447850192 0.3195522544199183 0.38803222094361367 0.3101998116957842 0.5410817031070196 0.667140914321582 0.6112773302646723 0.7755832200020923 0.521058688147296 0.13005544513024372 0.0 0.0 0.0
 0.0 0.0 0.0 7.182151589242079E-4 0.1468979217603913 0.21794009779951118 0.34150366748166294 0.2132182151589243 0.18734718826405874 0.18175427872860647 0.1984107579462104 0.12466381418092908 0.11335574572127134 0.22816320293398534 0.25912286063569695 0.21234718826405877 0.20713630806845976 0.08930317848410757 0.18065403422982887 0.2830531784841078 0.6011002444987774 0.7338325183374087 1.0 0.8564792176039122 0.4342603911980442 0.4825641809290956 0.6165189486552569 0.5726466992665041 0.3109718826405869 0.2575641809290955 0.23775977995110045 0.1500611246943766 0.14191625916870423 0.09000611246943767 0.0305776283618582 0.0 0.0 0.0
 0.0 0.0 0.0 0.00988461538461539 0.2652884615384616 0.41192307692307734 0.4595000000000002 0.2126923076923079 0.31411538461538474 0.33223076923076944 0.10963461538461541 0.12871153846153852 0.08617307692307691 0.19915384615384632 0.3592307692307694 0.5863461538461541 0.6776538461538466 0.8550000000000002 1.0 0.6220384615384619 0.48148076923076955 0.4924230769230772 0.7115769230769233 0.6227500000000004 0.7521538461538467 0.6057115384615391 0.6790576923076928 0.5289038461538463 0.3140384615384618 0.28171153846153857 0.30348076923076944 0.3050000000000002 0.18384615384615405 0.0593846153846154 0.03171153846153848 0.0 0.0 0.0
 0.0 0.0 0.0 0.0 0.0 0.0 0.0 0.01389167703858353 0.08443409483277793 0.13305496446782022 0.23941060745975024 0.2769904043040108 0.5746978760990886 1.0 0.7640020877664911 0.6504998594772555 0.22844983338017413 0.16461235797165458 0.2666720199140803 0.3318745734130967 0.5603645561488739 0.5661460633556832 0.6925362347934316 0.9604528847311998 0.8533344039828163 0.7319629019954229 0.6496968723651985 0.38744128156743063 0.21275143533946264 0.08122214638455047 0.056048500421568136 0.0 0.0 0.0 0.0 0.0 0.0 0.0
 0.0 0.0 0.0 0.0 0.0 0.0 0.0 0.0846734616836542 0.5342015855039638 0.7457908644771611 0.41094752736881845 0.4577198942997358 0.6630049075122689 0.8050962627406567 0.7306530766326914 0.610079275198188 0.5366553416383542 0.532163080407701 0.3270668176670442 0.537787844469611 0.8573801434503588 0.947187617969045 0.7629294073235184 1.0 0.8984522461306155 0.6931672329180824 0.6606266515666287 0.6331068327670821 0.6694979237448095 0.8979992449981121 0.557304643261608 0.0 0.0 0.0 0.0 0.0 0.0 0.0
 0.0 0.0 0.0 0.0034071550255536593 0.12366784200309017 0.15906659799532494 0.36096034230022583 0.39235767204151983 0.5202448397448595 0.4507349154153956 0.45323085456202206 0.3807495741056219 0.28491343449150197 0.34376609484568754 0.501485678063468 0.5178281367616182 0.8490749177924802 1.0 0.9905708965571887 0.9765659046788953 0.9194762489600253 0.8019888277009624 0.6432986014817166 0.15217305178083265 0.20771760231369585 0.3276019175151539 0.5781268570975794 0.672715027138386 0.6393367933124675 0.7704528346737453 0.4172972544669387 0.22211877500891397 0.06560754328275423 0.06853928132799808 0.20884671764193175 0.0 0.0 0.0
 0.0 0.0 0.0 0.0 0.0 0.0 0.0 9.299977414340562E-4 0.021536090555208633 0.07473196136523665 0.08132165964739792 0.20623364200401229 0.2491198235661426 0.287741301199697 0.39940745858188614 0.3993011731257222 0.7322403645591143 0.6049901021668944 0.8765228713015983 1.0 0.7436527654147125 0.7574565890339975 0.5173046008316836 0.3579827020420092 0.29728042089040635 0.2841674527361862 0.30297997847719516 0.2931352881000146 0.22988215600047826 0.1263069789687653 0.08508150765919563 0.0 0.0 0.0 0.0 0.0 0.0 0.0
 0.0 0.0 0.0 0.0024532475366981694 0.07122461290971242 0.17934848180172933 0.33229438970440367 0.4381258797506534 0.663724110195053 0.6892016891212548 0.5557007842348682 0.4605067363764326 0.38622561833903074 0.5574703398351096 0.6750050271465915 0.7873919163482805 0.5416448823647698 0.7010255379046854 1.0 0.6570279509350491 0.48035391112004827 0.4207520611301024 0.4029157450231248 0.4572089282123466 0.5641061733360146 0.4593203297808164 0.49380655539915547 0.3224612909712448 0.15093504926603643 0.19366579529459071 0.1389905489644077 0.18419465111602643 0.18073597426100943 0.10454454051880148 0.05324753669817008 0.0 0.0 0.0
 0.0 0.0 0.0 0.004636670499647613 0.07170147260655063 0.3438183908898699 0.44538002151415085 0.38280351645090704 0.6356318854556917 0.5372602841351686 0.24578062984532054 0.29170221447383055 0.2687043287955784 0.4918580066026189 0.4581401387291814 0.5925293964909677 0.7600059349382394 1.0 0.6772877332245261 0.7159019251455916 0.8316703141807928 0.8456916057717273 0.9208056678660185 0.9148336362624727 0.8116769909863124 0.6733929300048223 0.3413702288660557 0.4975703846581844 0.3270150969991468 0.31262287176824044 0.31996735783968233 0.35479802663303533 0.5102934085092174 0.4585481657331501 0.134315071033792 0.0 0.0 0.0
 0.0 0.0 0.0 0.0 0.0 0.0 0.0 0.04471493174422044 0.5770254849752758 0.40966146823887406 0.5670935294366257 0.4261442880689742 0.4189594691686743 0.5069946325176451 0.329402814758463 0.32209120493639304 0.36549596382232363 0.312286040319513 0.5325218714340054 0.486539030472085 0.7634081399771776 1.0 0.7785385233083979 0.8933688347914294 0.6340813997717765 0.6005663327839063 0.497527577025485 0.408013186255864 0.5254215798148855 0.5135032331685052 0.5036558049110351 0.0 0.0 0.0 0.0 0.0 0.0 0.0
 0.0 0.0 0.0 0.006714670671908824 0.1542165481291689 0.36475681406546767 0.43238945089897046 0.3067986040553074 0.4158236515439321 0.33268542651411376 0.5358042143393557 1.0 0.5479966426646637 0.2727834960462956 0.24150726686398352 0.10226620135176913 0.16556964262048857 0.321199805627954 0.6707602597517337 0.5237001369439411 0.6606440782789236 0.4042938551928259 0.5246278217078229 0.5720722710606528 0.43517250519061695 0.4816009188496706 0.6378937138313376 0.5708795335070898 0.36435923488094674 0.32190661306710217 0.6661218359323227 0.6325926580377251 0.44471440561911885 0.2501214825286033 0.05627954234218316 0.0 0.0 0.0
 0.0 0.0 0.0 0.0 0.0 0.0 0.0 0.0011892129240001462 0.009403929891324233 0.03260272970105017 0.09283179040579603 0.22274872845695054 0.3427677558637345 0.39862417212484924 0.5442753119396979 0.345621866881335 0.7236635076292582 0.8153060851110542 1.0 0.9565113981484867 0.5983936477734274 0.5790735116542867 0.39436130118189483 0.40797321526583485 0.41457792088989726 0.48719309158769075 0.45735299498701015 0.5390244794906511 0.28833839511142023 0.22135826411504272 0.06676058399502359 0.0 0.0 0.0 0.0 0.0 0.0 0.0
 0.0 0.0 0.0 0.0019332793813505976 0.057751101519647505 0.06034754068878695 0.1941934178581064 0.0952027695351137 0.0539070227497527 0.18657270029673592 0.3079759014477115 0.4140027875191079 0.6501213919611545 0.6723316248538805 0.49481836165812443 0.7681188742019607 1.0 0.8046376225159608 0.49868492042082563 0.4960098012768636 0.28881170758025354 0.3688292419746428 0.45581557413901636 0.5270209513532955 0.453848574768456 0.5196812337020051 0.5061595180289543 0.5169948745616401 0.46774121032281296 0.39727767287114485 0.2695126337559572 0.3153043791025987 0.38653223630968436 0.25495683841381195 0.09486556964301766 0.0 0.0 0.0
 0.0 0.0 0.0 9.782095392295736E-4 0.015651352627673205 0.05641570532280914 0.13705052958240566 0.13914187411455164 0.1752850300209134 0.2124738581933482 0.3497099102745733 0.3214767590906023 0.3249342238413278 0.28894285907036377 0.5058523915536666 0.7089151993523576 0.6676280105241853 0.8332152735613573 0.8928523240909395 0.7107704243405518 0.8041725696552655 1.0 0.6246542535249275 0.6333738109694393 0.7082911691290563 0.6937866828577209 0.6155973824461981 0.5051440329218109 0.3629663360993052 0.3523409566214666 0.3572488699993254 0.3894454563853471 0.4808743169398908 0.5756088511097619 0.22023207178034124 0.0 0.0 0.0
 0.0 0.0 0.0 0.006717144617341365 0.28840000794928355 0.5908503746099881 0.7345138019435997 1.0 0.6706413084520757 0.8337407341163379 0.4854627476698663 0.5542240505574436 0.4019753969673483 0.2550328901607743 0.2507402770325323 0.40054452592460094 0.8410938214193446 0.674675569864266 0.6713169975555953 0.7953655676782132 0.8548063355790061 0.7192114310697748 0.8191140523460324 0.5334168008108269 0.4294997913313063 0.3442635982432084 0.5250700530614677 0.8626165066873349 0.8772233152487131 0.4964923786243766 0.2970448538325483 0.20246825254873904 0.3715892605178958 0.3457938353305909 0.1889544704783481 0.0 0.0 0.0
 0.0 0.0 0.0 0.005298782989197316 0.09158348147135231 0.18255162040202366 0.05903869820866947 0.07206344865308353 0.0964378504033912 0.07411459045535343 0.34192533843839706 0.6739026391357852 0.8407630247504443 0.9223642827840828 0.7248735129221932 1.0 0.7466156160262543 0.6434431833720767 0.772357445644742 0.916005743197046 0.8606249145357581 0.7505127854505674 0.9147750581156844 0.6793381649118005 0.838814440038288 0.7188568303022016 0.8175851223847942 0.7621359223300966 0.5955490222890739 0.590489539176808 0.46133597702721163 0.44287570080678235 0.2879119376452891 0.333549842745795 0.1246752358813072 0.0 0.0 0.0
 0.0 0.0 0.0 0.0 0.0 0.0 0.0 0.004297099457865943 0.03864891198441051 0.07924650860669047 0.11654633122642206 0.18142753641292117 0.15829315212231734 0.2221000824443499 0.5201239163564596 0.7544407524920679 0.752766882354411 0.5627201638893747 0.4244385040097933 0.5596472381142727 0.9383416194069003 1.0 0.4977889924301096 0.5592724910685288 0.5015614460239339 0.6357708546730957 0.7788742598745849 0.5250955604966648 0.7661828265920504 0.7043995303170363 0.46608539236015667 0.0 0.0 0.0 0.0 0.0 0.0 0.0
 0.0 0.0 0.0 0.0 0.0 0.0 0.0 0.005440338201916248 0.03984961103314447 0.07879827433858308 0.07659788277283985 0.18429578806937305 0.35639412997903586 0.4403035500805656 0.6750524109014676 0.6162135939151379 0.7833567233224181 0.8108356290174474 0.8874508377081278 1.0 0.7856264185595236 0.6639811494013896 0.5260321915553479 0.5324947589098534 0.5631443075696937 0.36415614117157863 0.46192629554550657 0.32976419425819087 0.34222152918550897 0.23383058717535565 0.1350555295666788 0.0 0.0 0.0 0.0 0.0 0.0 0.0
 0.3771721333122061 0.38678497860877836 0.3896371414989702 0.2903924364865578 0.311132238243631 0.23429989964612052 0.3141780665152555 0.39604570503001846 0.4803781756721069 0.3762918361238755 0.21533829820947564 0.2315357664747618 0.3036673180865861 0.07838166164897264 0.04052888255074912 0.03542315885843061 0.05637423194070317 0.15966830401943694 0.6837268261765171 0.7014207996619657 0.9130090318491524 0.4319794362576806 0.16361203542315889 0.4291096674237223 0.34609764256412967 0.3923132449514956 0.10744907480765503 0.1596330921319037 0.5485836018239756 1.0 0.6509797707706123 0.5434250603003573 0.4569974823500414 0.3837039384496205 0.40245426856106614 0.40277117554886543 0.31232944241976085 0.2632264652546701
 0.0 0.0 0.0 0.0030701697085298457 0.08669636674810237 0.1568660752779485 0.18418405340788838 0.06665534405497561 0.15668317155063172 0.2989953359549535 0.4742563003801787 0.7006388565904131 0.8793749918346551 0.6154971715245029 0.7102804959303921 1.0 0.7229400467710965 0.4032504605254565 0.3675319754909007 0.4206001855166377 0.5653292920319298 0.5084331682844938 0.5669623610258289 0.49407522569013507 0.44503089766536463 0.4894503742994135 0.4678154762682414 0.4458278353343874 0.4274198816351595 0.35595678246214557 0.27828802111231604 0.30151679448153346 0.2279894961002313 0.21257332479782612 0.07432423605032466 0.0 0.0 0.0
 0.0 0.0 0.0 9.177505617266378E-4 0.010169098178212394 0.08215449856008106 0.1237802884057513 0.12107978100572811 0.10388514404464273 0.18386657805626772 0.11215544795721386 0.09030876504530733 0.08299840712258824 0.15009968669894616 0.25553551272719616 0.6341023450109183 0.6179414960389042 1.0 0.8083378165975721 0.3795689737016995 0.5017036404105617 0.5054695823707505 0.5231705644693397 0.5666424042954947 0.28294144329461907 0.3026467082291634 0.1744569975843118 0.13207169003238511 0.1095182336993787 0.06775530871230101 0.04999103347152334 0.07809318860301488 0.1053936306001245 0.10696541029779423 0.04505416838085596 0.0 0.0 0.0
 0.0867498079947335 0.04044910946128807 0.04300917968035693 0.04416121127893793 0.08956588523570932 0.4170902973338698 1.0 0.9834875470870057 0.5350912482170938 0.36274366382620776 0.3730022309183338 0.333010276853308 0.20668909775811004 0.29801045971546647 0.3942690999524559 0.41696229382291616 0.2603957137110047 0.2566287532458033 0.23108290970266623 0.2544526935595947 0.3622133635665436 0.42054639212961265 0.8037340452766706 0.5298979629155544 0.3122371356471491 0.31439490911750706 0.27773104633727097 0.3556668982920674 0.38547343012836915 0.36201221519218807 0.4255933877043484 0.443568737885382 0.24569359616720926 0.16367991807775295 0.19125553158029482 0.2387814065757232 0.25139889551256256 0.13336137219763736
 0.0 0.0 0.0 0.001127190749763649 0.07795796669333138 0.16511526434441126 0.21652970693040496 0.365137080939568 0.3830994109519307 0.4029525125445422 0.46462075485419246 0.4289869827648898 0.7311831866773326 0.7109301141735149 0.6847865609773837 0.601701694422224 0.5437786342811431 0.8045596683877538 0.591302450730856 0.6747145662133666 0.9548760090175262 0.6825321794778563 1.0 0.9594938549923646 0.6746418442295109 0.7775798123772817 0.6378808813904444 0.5121809322958328 0.367973238309941 0.31270453057959435 0.4628754272416551 0.36008290306159546 0.30946840229801464 0.27158024870918474 0.17856883135771948 0.0 0.0 0.0
 0.0 0.0 0.0 0.0029163794474786563 0.40458136698658453 0.3441150997755272 0.2318256535341217 0.1526945578592007 0.18790321155239764 0.35457871573254135 0.5104724534704914 0.7105537585944817 0.8481715184615651 1.0 0.7287943864114388 0.5999787899676547 0.40463439206744795 0.20580801385722114 0.5807660356682042 0.8131926401187761 0.9034766778019336 0.857362532477862 0.7568623292150521 0.4454106792512857 0.4095480495607756 0.4596567509765449 0.8510525478551353 0.9915866871696976 0.9362285027484665 0.9064814323841841 0.5611114056948936 0.3739682203015358 0.2193470845043039 0.27247821552927876 0.07983809675309748 0.0 0.0 0.0
 0.0 0.0 0.0 0.007210343112879164 0.19840875186474383 0.4818498259572352 0.47635228465661084 0.33167578319244156 0.7308691087905409 0.43789712138792203 0.5327918669539754 0.5799767942980275 1.0 0.8085805845626829 0.6394552185203606 0.749185037847395 0.511547599314879 0.3317862865351677 0.48030277915906966 0.8401016630753083 0.4658268412619481 0.540029835902536 0.4924305210232611 0.6054478147963975 0.6032653737775567 0.5734570970771864 0.7665893143267583 0.6163600198906017 0.7810652522238803 0.6363334990883475 0.5603348251284599 0.3989723189126471 0.24324548317586595 0.35189789491132106 0.13832255925741752 0.0 0.0 0.0
 0.0 0.0 0.0 0.0013710492134507133 0.03543079809496319 0.06259922066676286 0.06400635012267279 0.09333958724202623 0.07782508298455762 0.15276374657237682 0.24116034059748864 0.5036441044883818 0.8426901428777599 0.8792033482465001 0.8464424880935197 0.8024967527781787 0.8352576129311586 1.0 0.88905325443787 0.7591643815846446 0.6516813392986 0.811877615817578 0.6541708760282867 0.6827103478135372 0.8426179823928416 0.7884254582190786 0.7240222254293549 0.6091788136816279 0.5065666041275797 0.39269735892625174 0.35773560398325877 0.24570645114735146 0.1382234088613075 0.12747149660845725 0.057078943570500834 0.0 0.0 0.0
 0.0 0.0 0.0 0.002696569216393004 0.10198905353090373 0.21449739687625136 0.34745694833800567 0.6714457348818584 1.0 0.6964624215725537 0.47213990121479127 0.46279535442531045 0.353731144039514 0.2668001601922307 0.3581631290882393 0.6119610198905354 0.586810839674276 0.5480176211453747 0.371966359631558 0.5229742357495661 0.5635562675210252 0.6586570551328264 0.651635295688159 0.4659991990388468 0.5925243625684153 0.47251368308637043 0.48551595247630464 0.5181951675343746 0.571592577759979 0.47651848885329057 0.5240421839540785 0.34727005740221595 0.21220130823655045 0.18392737952209315 0.1036176745427847 0.0 0.0 0.0
 0.0 0.0 0.0 0.0015115387890658261 0.059971898152090634 0.09720684663203603 0.08064378778846966 0.357894064549093 0.596206250532232 0.4480754492037809 0.7427403559567403 0.5537980073235115 0.6993315166482159 0.587860853274291 0.36760197564506514 0.24065400664225495 0.13959380056203682 0.42499787107212805 0.45473899344290214 0.489227624968066 0.5281018479093925 0.4120327003321127 0.6197309035169887 0.5166056374010048 0.4495869879928469 0.279549518862301 0.48933407136166224 0.5865622072724175 0.6713574044111384 1.0 0.9301924550796217 0.7973047773141447 0.4846291407647108 0.09846291407647101 0.058119730903516964 0.0 0.0 0.0
 0.0 0.0 0.0 0.005514475498182733 0.08363621172243808 0.17771650582779794 0.23323724777541036 0.1180599072565484 0.1062789823286126 0.11492668254167185 0.1971842753895642 0.35321886619041654 0.547186364206041 0.6220913230563565 0.7824288757989721 0.6124409909345363 0.8206124409909348 0.9098884572001503 0.8768851568701174 0.828717048920082 1.0 0.7761206500396877 0.5332748464719892 0.4236537577808415 0.3849271003049672 0.2216234281656012 0.3215524084053973 0.2058319756026236 0.19175335255044493 0.39737644650541004 0.19914776287755345 0.3821698625558761 0.3703889376279401 0.2550444917909512 0.10393950787483812 0.0 0.0 0.0
 0.0 0.0 0.0 0.007023794896997995 0.10154810173239957 0.19680959986894386 0.21392882008436745 0.2214850309210796 0.3197362493344801 0.25758692714092657 0.3263504935086211 0.3178727935454806 0.3272105500266211 0.5671048859401235 0.8774214686488924 0.8659540484088952 0.7006798541999426 0.6732194782323793 0.5955277061064014 0.6559569152639554 0.5328050129008477 0.43045828725887725 0.5082114919932835 0.748515378629643 0.8978170946471724 1.0 0.8355039521644757 0.5808043576196913 0.5441700454601305 0.417536961952738 0.42656755539173546 0.3729573657697508 0.19207928901994512 0.12489249293525002 0.08062005979440558 0.0 0.0 0.0
 0.0 0.0 0.0 0.0012604079138339294 0.018676953632266437 0.02730883813306852 0.03158658620426246 0.055878084179970956 0.39874723092200737 0.5979680696661831 0.7153005881903601 0.6175234894202124 0.7157589183408452 0.6135131006034681 0.8097547933694905 0.646474677259186 0.5817737376823771 0.8052478802230543 0.7612863799556949 1.0 0.7721335268505082 0.8768619662363453 0.7536857382934842 0.6212665189825072 0.6085478573065465 0.6583148728133833 0.6213047131617142 0.5679092506302041 0.35283782751508663 0.2630433121992207 0.45810098540982364 0.26113360323886625 0.2677030020624856 0.45283018867924535 0.34840730272706427 0.0 0.0 0.0
 0.0 0.0 0.0 0.017896438676067727 0.3117842547267257 0.5294157273094715 0.47026990613912967 0.7990074998877265 0.7230430682175419 0.670027394799479 0.7104459514079133 0.7002739479947908 0.9404949027709169 0.580185925360399 0.3550994745587642 0.3568509453451296 0.33989760632325866 0.5118785646921453 0.5087348991781562 0.4311761799973053 0.5674765347824136 0.6867561862846364 0.6188754659361386 0.640499393721651 0.4273588718731757 0.6538599721561057 0.5661741590694753 0.5288319037140164 0.9707639107198994 1.0 0.6494363856828493 0.5781874522836487 0.3279067678627567 0.48010508824718195 0.17036421610454933 0.0 0.0 0.0
 0.0 0.0 0.0 0.005579905300029924 0.0400274594708771 0.10577176955167125 0.13217510693351633 0.35014345813310793 0.7434123673232296 1.0 0.7984369224269949 0.4406188942282305 0.2534016299660277 0.3015613173505129 0.32104698033831475 0.366900776258119 0.385963985847811 0.47559451514671475 0.3143053281934836 0.3058738624562145 0.2993082325605957 0.3655102004893419 0.3122458678776997 0.49986798331309096 0.31800179542694207 0.1121965816479202 0.10578937177659248 0.4041822886412842 0.7488690570488109 0.641213849430568 0.5710337786696239 0.2177571245005369 0.18904789565401064 0.20027811515375543 0.11538258435866292 0.0 0.0 0.0
 0.0 0.0 0.0 0.010771071978115915 0.25306890066678056 0.5591725081210465 0.4666780646264321 0.5514104975209436 0.5765771926825098 0.3656351513079159 1.0 0.7401607112326894 0.676457514104975 0.48182595315438514 0.2689348606599418 0.26975551376303647 0.3553769875192341 0.3045648828859634 0.5823217644041716 0.5449136604547786 0.5193708326209608 0.5854676012993674 0.566660967686784 0.760745426568644 0.6012651735339376 0.5775004274234913 0.41908018464694796 0.4577876560095743 0.5941186527611557 0.6070439391348947 0.5539066507095229 0.36840485553085994 0.32897931270302616 0.4048213369806806 0.2574799110959137 0.0 0.0 0.0
 0.0 0.0 0.0 6.451941525035227E-4 0.01451686843132927 0.025654956958758503 0.028948842895223866 0.02864322461245903 0.04917058593816321 0.14114471025688913 0.23058899434606184 0.5184474591235547 0.6786763332597585 0.638742210978488 0.36653819379594893 0.33755539331375106 0.27833336163132255 0.4043329880978659 1.0 0.6204390715995726 0.3402380426846868 0.35095166137494255 0.35118936448375976 0.6496595751905869 0.6260081158632868 0.416795422517276 0.23576752635957693 0.19233577261999774 0.55170891556446 0.6043601541674449 0.4435030646722245 0.3677267093400345 0.18946635652070556 0.2632901506018983 0.15112824082720677 0.0 0.0 0.0
 0.0 0.0 0.0 8.13445630545508E-4 0.010937715093796535 0.014604477705332441 0.04371331673069942 0.03532856946199956 0.07068216802032362 0.06404945749433716 0.08289636702666849 0.14689576632835674 0.21242194050583812 0.25320685296657364 0.21050721463701566 0.19940681041710986 0.11783698549563872 0.15574355187905942 0.20093358529290303 0.2009586143892275 0.19702904626628454 0.2086550615090043 0.20565156995006692 0.2502033614076364 0.3413593302213823 0.1778817875780596 0.18348830515474238 0.2514798453201846 0.2889609170660895 0.19062159760721853 0.25265621284743506 1.0 0.981002915889722 0.6377538888958416 0.2207691441300512 0.0 0.0 0.0
 0.0 0.0 0.0 0.041386271870794064 0.5089962456612593 0.8845009562938299 1.0 0.6364312530991 0.6479244882057095 0.5701636324998227 0.564886307289084 0.722993553871219 0.788659063540412 0.8124424452787412 0.8313735212863922 0.6841219805907771 0.44669547354253714 0.4310051710703406 0.5836048735567047 0.48857760147340107 0.36932421902670537 0.4675037189204505 0.7036197492385065 0.7132003966848479 0.5876956860522772 0.7181058298505347 0.8981724162357443 0.8347736771268681 0.668095204363533 0.6908514556917188 0.7759084791386269 0.7117128285046397 0.5951689452433234 0.43532620245094567 0.1894524332365234 0.0 0.0 0.0
 0.0 0.0 0.0 0.009502950223211617 0.08933251947865425 0.06120665924622691 0.027096573432432113 0.060763826553205724 0.19072923772934552 0.2711572295429249 0.37801156152382337 0.6194152214761887 0.7405239787919045 0.532416549974268 0.39521022584467347 0.7424987732337556 1.0 0.9422641915909663 0.421528849951528 0.33881488396586606 0.3112395724869246 0.3522195492681293 0.31175421588692215 0.4469737771235025 0.4053115986260218 0.5482388424114035 0.42423371991430603 0.45774538316996416 0.521884312951061 0.3792323435424223 0.40698718178880483 0.2208298924036241 0.03767668426028984 0.03354756860914628 0.019053774251074167 0.0 0.0 0.0
 0.0 0.0 0.0 0.0 0.0 0.0 0.0 0.0019491867186449798 0.03828919657660079 0.09055876685934489 0.05708652596675178 0.11009544293587843 0.15398575077295334 0.18523995160639872 0.26544786485638755 0.17159564457588386 0.3572612806380788 0.5376170632253443 0.6166151364430704 0.5999014204418162 0.35062956490567737 0.4612179056324778 0.6553748263655513 1.0 0.41929918895908946 0.4509118609132052 0.41212976654568284 0.1920733073441771 0.24837567773446262 0.33855356902809525 0.1159430030918134 0.0 0.0 0.0 0.0 0.0 0.0 0.0
 0.0 0.0 0.0 0.006116005752351357 0.21387837413425456 0.4449807428467529 0.5816817362844441 0.4375258277269948 0.4037390283815726 0.32363588277104666 0.4231284195910544 0.6092368216605779 1.0 0.38276278162553534 0.49043754235747256 0.23930112236970436 0.3048415623915236 0.19412532852868736 0.2928905565565235 0.49675190505314326 0.6507595417954609 0.5050663669272859 0.6405110997239533 0.6325437625006204 0.4154255582921469 0.3766467758731839 0.36496024596260973 0.26993074036729103 0.4243846802320777 0.4383688447361029 0.614195745243566 0.6597517232259453 0.3374382200770286 0.20308445046861826 0.11071623386283615 0.0 0.0 0.0
 0.0 0.0 0.0 0.04483519829489229 0.2642155743320394 0.33605465479180957 0.4116236583694908 0.6218314683717747 0.5629519677247471 0.3079660500875391 0.3702709903326482 0.5650262617035853 0.851050468143412 0.8304217096749641 0.6803113343990258 0.7273540382126819 0.6351526223643146 0.4099489990104285 0.5978343609652128 0.7496384258202023 0.8744576387303044 0.7877369262388673 0.7617035852934465 0.6477886884372385 0.5946943746669713 0.6014691329831775 0.43025424373905796 0.47082667275633705 0.7521884752987749 0.8108776737459085 0.8480436933850956 0.8978457790972064 0.8562266879805132 1.0 0.4213861612240238 0.0 0.0 0.0
 0.0 0.0 0.0 0.00555921293248482 0.1442103723209713 0.2797344744349353 0.28042937605149604 0.3430253821958891 0.21792480433033432 0.08982517738278101 0.10818520956769796 0.17357910906297994 0.3292736449418477 0.30837173579109073 0.6413027576622049 0.6372796430400116 0.7968692853485482 0.7449162460683195 0.896002487016312 1.0 0.8022273425499238 0.8155219076878063 0.5945249067368882 0.5471801623875355 0.7584851144758981 0.5973776607417158 0.5460463755394633 0.3257442762051057 0.1537561261063565 0.1413941920854363 0.05508009655475092 0.051221563894374926 0.0672408748445615 0.04065174456879527 0.018762343647136272 0.0 0.0 0.0
 0.0 0.0 0.0 6.301778331104648E-4 0.008253792594641948 0.015708335254607207 0.030571310001383304 0.03367608859378121 0.04844684219424845 0.06750587909807713 0.12792610012142444 0.13103087871382238 0.08093942607706613 0.1557154055424909 0.275956410138178 0.6843116459937599 0.4972564208973116 0.26837890594980085 0.4448286992207312 0.3410799096232766 0.44152410814466425 1.0 0.6394153179324019 0.29773597085811776 0.2366702018106086 0.17892439403021795 0.16644379889642033 0.055517130077926836 0.051213476583513905 0.13196846036796234 0.1172130769585465 0.1117720293263245 0.12222375924132729 0.13407417654201445 0.08032461843500711 0.0 0.0 0.0
 0.0 0.0 0.0 8.44819919964427E-4 0.01373943975100044 0.024811027123165852 0.021809693196976454 0.024232992441084948 0.04882169853268119 0.08686082703423742 0.09744330813694967 0.20153401511783017 0.23032458870609157 0.3031347265451311 0.46665184526456205 0.7055802578923968 0.7368385949310806 0.567274344152957 0.6206091596265005 0.5165629168519342 1.0 0.6311694086260559 0.3950422409959983 0.26896398399288585 0.19464206313917293 0.17354379724321906 0.19175188972876836 0.1990217874610937 0.14373054690973763 0.1571809693196976 0.17200978212538895 0.3767229879946644 0.7239662072032015 0.8465984882169854 0.32661182747887957 0.0 0.0 0.0
 0.0 0.0 0.0 0.002294993748120478 0.1142115509409474 0.37373577499564753 0.25297162121523875 0.32459125369968816 0.34955128915338474 0.4045678289359143 0.5097893354014658 0.5928364539972462 0.39706557351102384 1.0 0.5718333043161709 0.27842231050474037 0.2843734667067631 0.28258495433753816 0.43837546097719254 0.47299029771608553 0.4105506402241179 0.35581899621721735 0.3843560564093634 0.386682705243665 0.3794653455944034 0.341495069720327 0.5341954068469953 0.5576676532501859 0.562922397556227 0.4982510564885012 0.33844035390386346 0.23527642804007534 0.1932859562210158 0.21580855003877744 0.15347968534844336 0.0 0.0 0.0
 0.0 0.0 0.0 0.001211963814223261 0.012061925579650546 0.016505792898469165 0.04524664906433505 0.03817686014803271 0.044034685250111796 0.029967248120734657 0.03957638979064767 0.0783736599864375 0.14064551501248032 0.15586720339349866 0.28525876870247735 0.5008729025090538 0.520827021021801 0.3306208428919765 0.584931249909824 0.5476056500598767 0.9756164423090796 1.0 0.9879813588422857 0.6886262967291403 0.7027803027023908 0.5753076800992657 0.45063411678137044 0.47351714784515725 0.4503311258278146 0.4371293771371683 0.3239261856324576 0.374814237689189 0.17416208573201175 0.10001587095470996 0.02630250039677386 0.0 0.0 0.0
 0.0 0.0 0.0 0.004207821408495946 0.052758371476752566 0.1741588372279772 0.15032522283787036 0.029856259535854808 0.052003533285152156 0.17385368987392597 0.34435075885328825 0.5777884847024813 0.7508552156106967 0.6410824700875292 0.6036938890227257 0.8673733236971014 0.7338954468802703 0.6407130811852566 0.4951256725287079 0.5864771540994138 0.6560507508230948 0.8418533686661855 0.6726411306512489 0.649835381032683 0.5657431944109856 0.5099012286196098 0.5080864048823578 0.4830161406889909 0.8553280334056048 1.0 0.8438609170481014 0.6628924757086646 0.2602425118445356 0.1880671324178914 0.07874407773227332 0.0 0.0 0.0
 0.0 0.0 0.0 0.0 0.0 0.0 0.0 0.0022248708780293995 0.02683088332671169 0.061422328168454485 0.09874188849159046 0.19743080386703743 0.19819891405111892 0.3196927559263673 0.5585220500595948 0.8101178651834193 0.7712091113759767 0.4555952853926632 0.4176135611177328 0.44388822672493705 1.0 0.70885975367501 0.5275857502317575 0.4560985299960271 0.44542444709310036 0.4385644285525097 0.2937359290160244 0.23475036419017345 0.22887034829823857 0.17934048470401265 0.07442722818169777 0.0 0.0 0.0 0.0 0.0 0.0 0.0
 0.0 0.0 0.0 0.0 0.0 0.0 0.0 0.041698187430023875 0.3894453354313552 0.24540805519411732 0.311011589554271 0.19411746905921862 0.1953581263049595 0.2624443973734379 0.3029321874905437 0.3325264017913881 0.6235664356825129 0.6927103821829513 1.0 0.9282234393439646 0.8536932248010415 0.6400278391381973 0.6299815414409783 0.5369927678760553 0.7759251974460616 0.6330377946560959 0.5842890428783248 0.6626320089569401 0.5270069900444821 0.48549036221139574 0.3230853027506278 0.0 0.0 0.0 0.0 0.0 0.0 0.0
 0.0 0.0 0.0 0.009095706702263066 0.17204234315338532 0.3653804364697484 0.42246918945767253 0.623350821097073 0.6413249309285075 0.7506907149287562 0.8080899015925255 0.9966473163008722 0.6573743519697017 0.38040542638065383 0.3849688014155777 0.39971440101822275 0.47732281997951154 0.47549126129202507 0.5638717288051409 0.7383975413652875 0.7993356719336917 0.7695340390525564 0.6375997268183652 0.6596405178033713 0.853537391736256 0.8672275168410272 1.0 0.7636047558439143 0.7105205972743924 0.6188184894297335 0.47052432247850257 0.3720237171328348 0.38186446465712615 0.4082513271039645 0.16574053953372864 0.0 0.0 0.0
 0.05352992446252175 0.05967944993220991 0.029307088901801264 0.05040674026728644 0.03039657176060427 0.06421896184388914 0.06900058105752464 0.05235570404803406 0.08770337013364315 0.08554861514623273 0.070453224869262 0.09587449157466583 0.11927416230873518 0.09967557621537862 0.13895748595777643 0.12854687197365858 0.27624443153205497 0.551193588998644 0.5905481309316287 0.2505447414294014 0.2664390858028277 0.35557088901801265 0.20402382335851244 0.4831372264187486 0.6233778810768931 1.0 0.805902576021692 0.4628486345148167 0.521099651365485 0.32245061011040094 0.20243802053069915 0.15843501840015492 0.2017116986248304 0.28617083091226037 0.2698527987604105 0.3274259151656014 0.2865339918651946 0.1966274452837497
 0.3523243074033494 0.42241352324307374 0.3684770699640007 0.44642354046016575 0.3759586789794959 0.6388480200344342 0.5629676005634684 0.790734074190014 0.8032868993582721 0.6152136484582876 0.571670057912036 0.4160275473470027 0.5668805759899826 0.7782751604319921 0.7048051338237593 0.7526999530442949 0.4628893410549379 0.5775238691501016 0.7710439818437939 0.9482548129597745 1.0 0.37389262795429656 0.34396619189231487 0.21643449679136 0.1958052903427765 0.2770073563938017 0.3149788699326967 0.31886054155579896 0.3832211613711064 0.26091720143997493 0.26545625293473135 0.24895914853654696 0.32693692283612436 0.41421192674909985 0.3682892471435279 0.3730787290655816 0.3402723430896852 0.3547347002660822
 0.0 0.0 0.0 0.0064564929626928155 0.24877758867547342 0.4011400167490614 0.239160385768701 0.22157387146446222 0.5280276629656644 1.0 0.6597509252505608 0.7366885485047414 0.6032633654807249 0.354782937569225 0.39462949455655494 0.40084285598508795 0.27557608666288463 0.39138774076775545 0.4884242375124944 0.4026528351838344 0.5748980198287271 0.576545911338034 0.5370775589593973 0.4267768862954859 0.33484615176810645 0.28678715184915027 0.09744171596833881 0.07304751870762081 0.05356998135991571 0.0494097306642894 0.05389415673879565 0.056757705918902085 0.04649215225436962 0.060026474322608575 0.026339249533997952 0.0 0.0 0.0
 0.0 0.0 0.0 0.003433947019103134 0.04132279101979567 0.14871780073488386 0.09190858198187804 0.10244127662030354 0.07732633077470612 0.08278986552778898 0.09292818529847444 0.1511513822358169 0.36551817010061366 0.5329639676035474 0.3494353706161867 0.21347223023797157 0.4828879782997634 0.9108231853946632 0.836093957407515 0.30453434908909033 0.1644447009484235 0.13280814143629407 0.1480637155883881 0.30472672707335374 0.2333641138108154 0.3163559762220811 0.268598141628672 0.20103499355533752 0.15001635212866238 0.05840595602239276 0.05696312114041662 0.3018122006117621 1.0 0.9295030876666476 0.17635289817433294 0.0 0.0 0.0
 0.0 0.0 0.0 0.0049995918700514235 0.09150273447065545 0.24789813076483563 0.1787201044812669 0.09425761162354092 0.24310260386907198 0.20310586890866064 0.2686719451473351 0.3404415966043589 0.47371643131172975 0.6169904497592037 1.0 0.7116765978287488 0.9850012243898459 0.9974083748265453 0.8985184882866712 0.6353562974451067 0.6238470328952741 0.8609909395151416 0.6625581585176721 0.5269569831034202 0.6430699534731862 0.5337115337523469 0.450289772263489 0.24695943188311165 0.15398742959758388 0.21175822381846388 0.17892416945555464 0.09405354664925313 0.13647865480368956 0.1477634478818056 0.07476940657905479 0.0 0.0 0.0
 0.0 0.0 0.0 0.049898726030249696 0.406591326405058 0.7558066897609182 0.5549245650898218 0.3915232740833287 0.6494027675241828 0.7267495788138644 1.0 0.7339239404092605 0.6943229787797905 0.639161792265319 0.623450129668541 0.6013023643212752 0.618130880042403 0.5140742423381983 0.4221515512900603 0.42449883582259074 0.8151134836352626 0.8633653245499463 0.9285592594695896 0.8186722698620025 0.9290703617468343 0.7633975050636985 0.9210063035947529 0.6252863119238269 0.6872054063263106 0.8257141234595947 0.5293505215136199 0.611486550438223 0.49934692486796545 0.47449221042270057 0.262858008215496 0.0 0.0 0.0
 0.0 0.0 0.0 0.025573090657758316 0.513362515839189 0.7965096187075223 0.7655608032868716 0.7066390200821718 0.45181046730407426 0.31787812464001847 0.42811888031332784 0.41446837921898383 0.4436700840916945 0.30831701416887475 0.4118957109395998 0.7469953538378833 0.6391736743078755 0.6646699688975924 0.5885842644856584 0.5459240486887071 0.5593441615789273 0.5046269630994895 0.4467803248473679 0.6398648389202473 0.7836462773106017 0.7592827247244942 1.0 0.7768690243059557 0.7800944591636906 0.6068041316284607 0.6123526475444458 0.5780632031639982 0.5737818223706947 0.6539569174058286 0.21147717236877464 0.0 0.0 0.0
 0.2872440759225056 0.3187605611663459 0.30748221794317604 0.33952921758949983 0.4051951114080248 0.7176091484261405 0.6895115337760838 0.9843596494675212 0.35216331984123883 0.24529414076315495 0.31215860415766117 0.36595669430581224 0.31559712343301766 0.5900892050143438 0.5316540260148543 1.0 0.7279640036153573 0.6088143985538571 0.6239242346838529 0.6145125162101625 0.7572798365229692 0.6344362793256573 0.34112076079695053 0.4664793492356666 0.49620780445632107 0.4351789994891346 0.37707784807639416 0.336542617990333 0.333556018391166 0.30068377411875674 0.38965300428341254 0.3962353126105239 0.5063072267850828 0.5589853420835463 0.41790780838605746 0.4624906668762527 0.5076433371320787 0.349314261013086
 0.0 0.0 0.0 0.0 0.0 0.0 0.0 0.02987921169739351 0.2812036448400085 0.43002452093361215 0.26385735476644556 0.47510065691883874 0.8230254593890954 1.0 0.8977386250113523 0.7032361577816123 0.6616413889141164 0.6256470801925346 0.6507734689552869 0.5245057972330698 0.47004510640874286 0.6424484606302788 0.5400054490963583 0.6079072442708807 0.6534374716192897 0.921260557624194 0.810734719825629 0.44010534919625827 0.4596312778130961 0.5271697998970728 0.33094178548724 0.0 0.0 0.0 0.0 0.0 0.0 0.0
 0.0 0.0 0.0 0.006676557863501483 0.28831887696872865 0.6676557863501483 0.5987502853229856 0.5109564026477974 0.42795594613102056 0.3557121661721068 0.2865213421593245 0.6541029445332115 1.0 0.5958399908696644 0.6970155215704176 0.47794453321159586 0.6479970326409494 0.7042912577037208 0.6370120976945901 0.9048162519972611 0.4629365441679981 0.5833143118009588 0.9310089020771516 0.7724263866697102 0.615983793654417 0.7952236932207258 0.4017632960511298 0.4656756448299475 0.43674389408810793 0.31973293768546013 0.4508388495777221 0.3454690709883588 0.25325268203606477 0.2086281670851403 0.11866582971924215 0.0 0.0 0.0
 0.0 0.0 0.0 8.669417761903097E-4 0.07604813260741414 0.14360023580816317 0.19232236363005853 0.2608107639490931 0.27717862468356624 0.3488226930679336 0.41647882928182556 0.5976003051635054 0.5921212331379828 0.6650136976800641 0.6943163297152964 0.8436037035752683 0.3970940111662103 0.36865832090716794 0.2274855220723376 0.22932343863786114 0.16759718417311095 0.33467420328050795 0.5589000242743704 0.9531851440857241 0.9250268751950622 0.7175503693171971 0.7414779623400495 0.534036134133232 0.3377258383326978 0.28751257065575475 0.3616534313555504 0.5521032007490378 1.0 0.9167389118146828 0.364011512986788 0.0 0.0 0.0
 0.0 0.0 0.0 0.0 0.0 0.0 0.0 0.02125682688603348 0.2586851587463458 0.492396945180955 0.38618079633784286 0.6784961588143312 1.0 0.8925601105898883 0.7834659052280917 0.7310943413329705 0.5797810864096812 0.5103451401636186 0.5984091372628999 0.49307680105151025 0.5185487343349875 0.49708795068778744 0.4431073945656855 0.40736963763682094 0.4187005688127448 0.4095225145602464 0.4221678337525778 0.4766469508464204 0.5233530491535795 0.4994221225100278 0.333559951956852 0.0 0.0 0.0 0.0 0.0 0.0 0.0
 0.0 0.0 0.0 0.0062773353253732025 0.13388435726592524 0.24377989565887917 0.3604588117642807 0.24126173235177176 0.3095774546067929 0.3900381941515956 0.3995325132233694 0.34494017856067083 0.5133077099172256 0.6418424762340805 0.8352229598660194 1.0 0.5918286203115773 0.2998542115980096 0.3250478932973482 0.3343614829451666 0.28202224176777463 0.35281998144511234 0.2829981806571321 0.23663505909852162 0.35948287287492314 0.2906611082328277 0.23217706664096271 0.25139462872152 0.10593153969420574 0.0583153607961733 0.04379676373844834 0.10884730773401444 0.034157861127510604 0.022735761533549417 0.008831644517271744 0.0 0.0 0.0
 0.0 0.0 0.0 0.001517598303402922 0.021577134852228723 0.05899176994766226 0.11321672471155894 0.15205167616786963 0.1288985738467225 0.23042200906667698 0.3281514485281243 0.323871043056988 0.31371480825729137 0.3337159756406017 0.46720625717454334 0.8089966340447885 0.7468140163822793 0.9818082767476702 0.8090550032103043 0.6754090705683209 1.0 0.8815495067805512 0.7885479697258597 0.7469696674903206 0.7947934704360176 0.6508745646633073 0.5331050450415394 0.6150942662023074 0.36613031889020764 0.3118469949607955 0.38081989221160745 0.7253730762495865 0.5563554293052126 0.5425997626320606 0.2643344942311808 0.0 0.0 0.0
 0.0 0.0 0.0 0.0018658068255923484 0.12941091225273527 0.24885877834939502 0.3287442938917469 0.33312803420042014 0.28925440185493817 0.26717266864719946 0.3136729222520107 0.26869429751467283 0.26865806825592353 0.48634156945148904 0.547931309325411 1.0 0.9643685240199984 0.6157343670748495 0.4675748134193174 0.8302478081298458 0.8050684732990361 0.5595246721252085 0.5869139917397291 0.3945909716687195 0.4225961886819795 0.4993659879718861 0.4626657488587783 0.4398956597348018 0.4377037895804652 0.5213209187740021 0.49548945728570365 0.8058655169915222 0.8209912325193826 0.9494964133033837 0.4291899137743641 0.0 0.0 0.0
 0.0 0.0 0.0 0.004476594230826243 0.09761050665559867 0.42057751030209595 0.4202069313094779 1.0 0.7508375085233164 0.46257152174557536 0.4303756188669176 0.3135246509145889 0.2722717974563457 0.2380154753787317 0.3061575405413417 0.4060211674720582 0.3274435978773236 0.4405146601049478 0.5359758086033618 0.3962971747057605 0.352539207257419 0.26271085944679967 0.3330022827665944 0.3802288695858408 0.3117755180694317 0.23853428596839696 0.26222169517654376 0.2734280039133141 0.3302007055824019 0.22784678782129197 0.25248287925054086 0.19775577362070493 0.14156117518010133 0.17563961934125866 0.06794936408644861 0.0 0.0 0.0
 0.0 0.0 0.0 0.004525596066061944 0.15146053327586542 0.2669122112728484 0.32870325020081115 0.43089160119898906 0.28297709774112034 0.3858903277628667 0.18376662813706088 0.25525537292087075 0.24510706659091344 0.45628195834884294 0.6128558274396099 1.0 0.8560821268342379 0.7292478890347355 0.5963207491722665 0.9882452050232158 0.674999510216876 0.525419744137296 0.6273534079109769 0.4738945594890585 0.41314186078404497 0.46979997257214506 0.4235448543384988 0.5624277569892052 0.3958035381932882 0.47593205728503407 0.23202006151676033 0.21411359050212572 0.37143192994142205 0.26023156946104264 0.26769586427130065 0.0 0.0 0.0
 0.0 0.0 0.0 0.015300375469336663 0.26630162703379207 0.4076345431789737 0.5070400500625782 0.4318210262828535 0.5551314142678346 0.39856070087609496 0.38635794743429286 0.5010638297872338 0.681633291614518 0.6785982478097621 0.9924280350438045 0.99220901126408 1.0 0.7952127659574464 0.7687421777221528 0.3438360450563205 0.1736232790988734 0.2071026282853566 0.45359824780976193 0.4864831038798497 0.546433041301627 0.7339486858573212 0.5607008760951188 0.7582603254067584 0.6384230287859824 0.4319774718397997 0.19311639549436768 0.10957446808510633 0.08876720901126399 0.07837922403003753 0.03582603254067584 0.0 0.0 0.0
 0.0 0.0 0.0 0.011152707814735692 0.1854995197867461 0.283188616005802 0.37680079970207203 0.6751798349634452 0.4950312628628553 0.3486544228620711 0.4910915541268941 0.8834551833630611 1.0 0.7000921225425826 0.53476155941904 0.521982006703385 0.4018502910680336 0.5371528254179816 0.7111860287343932 0.8977047766518356 0.9261843626884101 0.8137948607381563 0.5864873870518827 0.6398400595856449 0.795938767909995 0.9338089731276583 0.8753405593994394 0.6319998431956723 0.6560301064309381 0.6972108430192676 0.7186538348458419 0.8050922205452872 0.5897214763127463 0.30459240675042637 0.15296262176836078 0.0 0.0 0.0
 0.05111869168255237 0.19098023477475654 0.1602789204374434 0.07123507574997484 0.06511487910103345 0.062054780776562866 0.11929366910805653 0.17823818601384567 0.047556937895053636 0.061603290859837505 0.06922845389786293 0.15019564563058094 0.11442761111668494 0.07590047155613526 0.18185010534764712 0.24214909200361165 0.16113173472459108 0.33204575097822786 0.392695896458312 0.5877395404835956 1.0 0.6592254439650848 0.5872378850205674 0.8014949332798231 0.6051469850506669 0.8500551821009328 0.6222534363399215 0.6799438145881406 0.5426407143573795 0.6024380455503157 0.6661984549011735 0.6554128624460717 0.3440353165445969 0.2008628473964078 0.16579713053075135 0.14096518511086567 0.18395705829236456 0.16800441456807452
 0.0 0.0 0.0 0.0013262336942536455 0.02056651952730654 0.07785189730596408 0.12909994259585497 0.11864842930382623 0.21326629584908643 0.3024208713553318 0.22306458956036343 0.25608187018745426 0.3819355094123004 0.8575585423306079 0.9020368574199803 1.0 0.8120311170054829 0.7959381618796887 0.9905184188127242 0.7205803757002315 0.687582889605891 0.5587204814030362 0.671668085274847 0.5515152714820168 0.5663413765118075 0.4464656861774774 0.41564559868564305 0.4628555592945229 0.5525841762505197 0.3634672103564997 0.3931985985470812 0.9150418654367665 0.9177141273580238 0.5436172529147449 0.3008966923335775 0.0 0.0 0.0
 0.0 0.0 0.0 0.013373003445036013 0.22471030378953952 0.6885061071093016 0.5658001879110555 0.5786407766990288 0.48853742561854074 0.5343877231443784 0.7268399624177889 0.7118070779830877 0.6646727215784527 0.5367679298465392 0.6553084873160038 0.7668023802067022 0.5608205449420608 0.9988412151581584 1.0 0.982806138427811 0.6368305668650169 0.3531161916692765 0.27062323833385526 0.7398371437519574 0.5080488568744128 0.5193235202004381 0.4406827435014091 0.3057312871907296 0.3679611650485434 0.33632947071719377 0.4856561227685561 0.5410585656122768 0.7225493266520512 0.8772001252740369 0.4537112433448167 0.0 0.0 0.0
 0.0 0.0 0.0 0.02652843191838331 0.3435905924131394 0.5679311434461382 0.5298162721759937 0.525016175873121 0.5219314744872626 0.38026092059527206 0.44031479001459606 0.4148848127360548 0.4039755029567992 0.3508584498246986 0.37717621920941363 0.3656951111244866 0.49966143521374734 0.4863896955926387 0.44627353025264455 0.4932061332891946 0.6706592232571438 0.6089651955399732 1.0 0.7007990128955565 0.5695562544201513 0.8642731390222248 0.7488150232481154 0.6274734038551246 0.4354244097687226 0.46055344057059466 0.44675504461531523 0.31852175090660134 0.33272642460538404 0.26206419188347346 0.10986051130806383 0.0 0.0 0.0
 0.9888777851802508 0.7570508549855657 0.5528721593012068 0.39673550966022675 0.22312902509438168 0.2836072248130876 0.12445406765859798 0.16022651565622908 0.29617292175586646 0.5007032348804502 0.4453327411355394 0.6352986897623807 0.6908172329558077 0.42623436227700057 0.41426086312828486 0.3690872751499 0.25732844770153235 0.35104374861203647 1.0 0.5730068842993563 0.6086682952106006 0.3969205714708714 0.28564290473017984 0.1682952106003406 0.2782219261233253 0.5463949959286404 0.5721555999703904 0.6088163446591162 0.5377711155525949 0.337830335332001 0.43089791990524856 0.5209489969649865 0.4791620401214006 0.4335443037974685 0.4147235176548969 0.5264453327411356 0.7062328817825156 0.5017580872011251
 0.0 0.0 0.0 0.0035665177036782385 0.11616964592643521 0.3374656239257478 0.19199037469920938 0.027114128566517702 0.05886902715709867 0.14749484358886214 0.17486679271227226 0.7558224475764872 1.0 0.7979546235819873 0.5486851151598492 0.3853128222756963 0.4106436919903748 0.5127406325197668 0.602591096596769 0.3054743898246823 0.3866019250601584 0.44259195599862505 0.49703506359573774 0.42905637676177405 0.1863398074939842 0.15911825369542798 0.5611034719834996 0.8896957717428673 0.7240890340323138 0.31956858026813356 0.4313337916809904 0.46044602956342423 0.4357811962873842 0.29623581986937114 0.2453807150223445 0.0 0.0 0.0
 0.0 0.0 0.0 0.0 0.0 0.0 0.0 0.04139846873094385 0.3666237549969508 0.41371366623754985 0.35564740158547303 0.37204417643471777 0.4176434717799306 0.7948370485805271 1.0 0.8061521783318654 0.5526797208482956 0.4084965106036991 0.8544616843959618 0.7597398197709867 0.9506064096483504 0.9539264177789818 0.750796124398672 0.8838674706958463 0.7440205976014633 0.5430584727962596 0.2714276034961718 0.14154075479368528 0.15976692187817604 0.05176502473067293 0.03929805542380929 0.0 0.0 0.0 0.0 0.0 0.0 0.0
 0.0 0.0 0.0 0.00970409246549739 0.16453595298972765 0.35927570687360755 0.5276693730468458 0.5283123252440973 0.2818672527998328 0.3088712450844063 0.6451053394937124 0.9371551608128116 1.0 0.5114011872187086 0.485608337445237 0.36926389449603025 0.4655871050703509 0.38807398435981405 0.3265599066971694 0.45298225152888055 0.45609234587837727 0.33062695315420393 0.4474498721571795 0.4968674770854829 0.4205355941326873 0.3528013277710494 0.2748844928901449 0.23967164580810119 0.28022249136500255 0.24330507334140766 0.2575845930710688 0.1476098625876583 0.1517815756814545 0.14671271998684188 0.06188788707965131 0.0 0.0 0.0
 0.0 0.0 0.0 0.03044382801664355 0.2557905686546462 0.3101595006934813 0.28703190013869606 0.2350901525658805 0.3425797503467409 0.3237170596393897 0.19011789181692082 0.24036061026352276 0.2830443828016642 0.41130374479889026 0.32250346740638003 0.3302357836338419 0.34427877947295427 0.3758321775312066 0.5938280166435506 0.8578710124826631 1.0 0.638245492371706 0.52999306518724 0.5983009708737865 0.4289875173370319 0.4216366158113731 0.336754507628294 0.2756241331484049 0.11882801664355053 0.09403606102635226 0.12319694868238554 0.14088072122052697 0.24036061026352276 0.2215672676837723 0.10610263522884877 0.0 0.0 0.0
 0.0 0.0 0.0 0.0 0.0 0.0 0.0 0.05294729264976404 0.3967047908501958 0.37215068383587924 0.4761257298248419 0.6979125009997599 0.8958649924018238 1.0 0.8453171238902661 0.9158601935535472 0.5182756138526753 0.3216028153243222 0.35695433096056944 0.21522834519715273 0.2522594577301448 0.23762297048708306 0.26385667439814453 0.2809725665840197 0.16524034231784368 0.4150203951051747 0.22602575381908338 0.18083659921618814 0.1045349116212109 0.09293769495321128 0.06886347276653605 0.0 0.0 0.0 0.0 0.0 0.0 0.0
 0.0 0.0 0.0 0.0028669323823508884 0.02013845185651353 0.06940074120690859 0.054996154115096806 0.1561778896580658 0.16579260191594983 0.246661072652262 0.19355289839871329 0.1892175372351583 0.292671841129991 0.2900146842878119 0.48486119851758624 0.5097895252080277 0.33752884413677386 0.6797426753373893 0.7453674568212014 0.8478777707852599 0.8533319348297321 0.8671421578910568 0.9048667925319908 0.6676805817774982 0.8382630585273759 1.0 0.989021746730998 0.9860149639885326 0.8925599608418991 0.8776309348996573 0.6060764981469827 0.5122369065100342 0.7088315502412418 0.5713586462485143 0.16226138032305426 0.0 0.0 0.0
 0.0 0.0 0.0 0.006818580632222804 0.051766062520367966 0.10177734326038451 0.11935022937504691 0.18480358978215625 0.18031636208668608 0.21508610964879293 0.2832969842821689 0.3694818380085732 0.5217467599207841 1.0 0.8570103532125039 0.965430798927076 0.7786217442530895 0.8822040059161214 0.7051465242786591 0.7401669549522448 0.8698453285202177 0.6403700082725423 0.524805093880825 0.6513248602441654 0.6335514276403197 0.6311448697701236 0.38204106189366005 0.3264896843899627 0.37855656664410525 0.2987139956381138 0.3221277982502319 0.4932691584567947 0.43292973352385244 0.5588729287307913 0.26444561429896474 0.0 0.0 0.0
 0.0 0.0 0.0 0.0 0.0 0.0 0.0 0.05123309466984884 0.5439140811455845 0.5057279236276847 0.8955449482895783 1.0 0.9022275258552114 0.7680986475735879 0.580668257756563 0.5814638027048527 0.48241845664280036 0.39093078758949873 0.7223548130469373 0.627605409705648 0.558472553699284 0.3321400159108989 0.3653142402545745 0.9670644391408114 0.5462211614956244 0.5722354813046935 0.2505171042163883 0.15401750198886227 0.08408910103420852 0.08225934765314254 0.05759745425616549 0.0 0.0 0.0 0.0 0.0 0.0 0.0
 0.0 0.0 0.0 6.452356262242177E-4 0.009540269616315242 0.019264892268694555 0.05993778085032837 0.11058877750892954 0.16110150939048268 0.3748588547067634 0.4315474132964625 0.45604332296347505 0.7228712985366975 0.5371356147021547 0.5929484963705495 0.7896531858509047 0.34351883857587295 0.42396589468832807 0.4744555824403734 0.8798709528747548 1.0 0.667611475976495 0.664615739140454 0.7652955409609404 0.73499251065791 0.6081115335868188 0.6589929715405 0.7778545915428045 0.7937319967738219 0.532065906210393 0.5079156584860006 0.5479663555709182 0.6362945039751126 0.2588086185044361 0.20500057610323763 0.0 0.0 0.0
 0.0 0.0 0.0 0.01658855585831062 0.43906267029972734 0.7394005449591275 0.47511716621253397 0.4985722070844683 0.48019618528610314 0.3748228882833787 0.43101907356948205 0.49181471389645737 0.8524250681198907 0.9668664850136236 0.8776893732970027 0.6771226158038144 1.0 0.9511716621253402 0.8818746594005444 0.7050681198910079 0.5420163487738416 0.5217874659400542 0.4983106267029971 0.5955531335149862 0.4846866485013619 0.607128065395095 0.5332316076294275 0.7575149863760213 0.8379073569482288 0.7301144414168935 0.6257874659400541 0.8670081743869207 0.8453841961852856 0.7824523160762935 0.312784741144414 0.0 0.0 0.0
 0.0 0.0 0.0 0.006548460785380181 0.10597193516806264 0.1901229196127488 0.18709887958229088 0.16292831502229946 0.247818992711846 0.295463939954313 0.37471989557271856 0.44094419667138035 0.4396606113347112 0.4546937887523119 0.29596432067877737 0.997258783857283 0.9121287936473405 1.0 0.5246165560752746 0.8801261829652998 0.5201783966061132 0.4442728162732512 0.7381050799521376 0.6454693788752313 0.46213423256825853 0.5825301860110957 0.4450560208854563 0.46689872729250526 0.33555966496247147 0.2854128140976829 0.2552594365277928 0.07862504079190688 0.09150440552594366 0.0761884042206026 0.034635048406396175 0.0 0.0 0.0
 0.0 0.0 0.0 0.006297276148600809 0.1396579349405671 0.275142527108097 0.3697879792823341 0.47076796959421713 0.5013228006110965 0.6546931475202149 0.9293885307597719 1.0 0.6158661549353504 0.39903864068263967 0.37902895256548785 0.31866453031262804 0.4377538473003689 0.460297350672579 0.4216566680329397 0.6735104519879272 0.6915079926966502 0.715728285575884 0.5006148228192421 0.5618735328091814 0.6363229869210418 0.7231061594067891 0.5118679435108245 0.3165405969370643 0.19789842381786332 0.31531095129858017 0.1695047881655923 0.14506092335208856 0.18038528896672504 0.23911018370160592 0.08152923203040575 0.0 0.0 0.0
 0.0 0.0 0.0 0.0 0.0 0.0 0.0 0.012905428473881875 0.1116763400477978 0.3030385797200409 0.38757255035848415 0.6766814612495734 0.44684192557186747 0.5886992147490614 0.5077671560259475 0.5907647661317856 0.7339023557528167 0.63736770228747 1.0 0.8192215773301467 0.5083646295664049 0.5219187435984978 0.5532092864458859 0.29989757596449296 0.392113349265961 0.33455104131102764 0.5092693752133832 0.4260839877091157 0.27814953909184015 0.39950495049504936 0.2096961420279959 0.0 0.0 0.0 0.0 0.0 0.0 0.0
 0.0 0.0 0.0 0.01500161655350791 0.22783705140640143 0.5198836081474296 0.7035887487875848 0.6277723892660846 0.5118008406078243 0.3981894600711282 0.5539928871645651 0.4986097639831876 0.8061752344002586 0.8420950533462654 0.7437762689945036 0.8508567733591983 0.7809569996766892 0.9420950533462655 0.6264144843194307 1.0 0.8344002586485608 0.8044616876818623 0.810119624959586 0.5917232460394438 0.7855156805690264 0.7016165535079214 0.5803750404138375 0.3704170708050434 0.26091173617846736 0.2700937601034593 0.1902360168121563 0.3633365664403491 0.2856450048496604 0.06136437116068546 0.020853540252182324 0.0 0.0 0.0
 0.0 0.0 0.0 0.012399828096165024 0.15052961549156912 0.27172181914705357 0.35338878074677044 0.48068609854134536 0.6552948909169046 0.5567914654801931 0.3300553631468514 0.6952751725358344 1.0 0.6055944586293197 0.30148899057056905 0.332280001011199 0.3035745885683949 0.2740854968779228 0.25965063073539457 0.3266046464595392 0.37973051545870506 0.3869732285057006 0.43874661880324595 0.38615162929443575 0.3108173016153904 0.35970877467957624 0.37255100235103783 0.2861187653259853 0.29484035695325733 0.7146017139823546 0.911823444649493 0.2861693252774479 0.13247971281947568 0.03912076244406804 0.01633086432237025 0.0 0.0 0.0
 0.0 0.0 0.0 0.0 0.0 0.0 0.0 0.004003489074277023 0.11475923150902462 0.2452416631254053 0.22325602200800707 0.3537831853458883 0.3511887454988706 0.42734450135313456 0.6204960747914386 0.6105879984791216 0.6028046789380693 0.5338507302453535 0.6858491199033795 0.9793786763883604 1.0 0.6813759477533495 0.5605108362595334 0.3854308783073517 0.437766992462705 0.50072689047438 0.4091610565632616 0.47344054035919586 0.42385542707611107 0.24852944465567745 0.12444364921383998 0.0 0.0 0.0 0.0 0.0 0.0 0.0
 0.0 0.0 0.0 0.0 0.0 0.0 0.0 0.003954355440063273 0.05030505027680488 0.09970624788159534 0.17836967574285403 0.21604903400745687 0.2987233081007797 0.37343238052197514 0.5133600723082139 0.7858716529205745 0.5963168003615416 0.8650717433058418 1.0 0.6643034685346292 0.6607727940345728 0.40128234097842075 0.2651395322562423 0.20178510902722863 0.1282623432380523 0.15594283131849515 0.21410010168342564 0.30307309908484925 0.3815105637781044 0.17164727149474637 0.08806914472940912 0.0 0.0 0.0 0.0 0.0 0.0 0.0
 0.0 0.0 0.0 0.00515766029773766 0.05896143476731914 0.2721056538897354 0.3428671902473331 0.502207634900168 0.42878912202555364 0.3279021607470793 0.5333489626069629 0.3423592388543741 0.5820341499628806 0.6151682100574378 0.540811940765053 0.8881725471808699 0.8719181026061815 0.9966006329855822 1.0 0.9063806509592471 0.7343023482983626 0.7173445864103465 0.8035791036611577 0.8674246864376982 0.7991247606767478 0.8458953620130504 0.9159535810573207 0.8421052631578949 0.6728011565662486 0.5116242722619465 0.8300707224631737 0.7122650724807563 0.5351072558902827 0.8734419567850584 0.2562810143398586 0.0 0.0 0.0
 0.0 0.0 0.0 6.270523588719658E-4 0.011022920413854559 0.01473573043349119 0.014290193231134795 0.010461873566442795 0.03792016633388887 0.07534529133182619 0.08121978185178459 0.08798534677645578 0.09331529182686753 0.13169749674097783 0.11621920430355927 0.15692810349664205 0.41999306942129694 0.525981419448524 0.48002508209435474 0.5228626590320292 0.5782412831471425 0.9286975462451117 0.9234831108397549 1.0 0.814062474216597 0.5374498770647349 0.4238708932195839 0.33803072556558456 0.4292338410257256 0.4808831537433376 0.4856520519463373 0.42329334499430693 0.3259187142126368 0.11536113265457652 0.026930248675764424 0.0 0.0 0.0
 0.26470850022251885 0.4342382435840381 0.44678831033971206 0.6169707758492805 0.4256638480937546 0.6506749740394603 0.5649310191366267 0.42857142857142877 0.36312119863521747 0.47782228156059936 0.7670078623349652 0.4434060228452753 0.44064678831033977 0.5441625871532415 0.6026405577807448 0.7614003856994513 0.5276368491321766 0.3797952825990212 0.28141225337487025 0.5291499777481088 0.9909805666815013 0.6288384512683579 0.7196855066013944 1.0 0.6566681501260941 0.4500222518914109 0.5533303664144785 0.38558077436582133 0.3405726153389706 0.3391188251001334 0.39225634178905217 0.6172674677347577 0.380477673935618 0.5569796766058449 0.535024477080552 0.3586411511645158 0.39151461207536 0.2081590268506156
 0.0 0.0 0.0 0.004762903274121558 0.08782913458946168 0.1537309408980618 0.19866399065392557 0.16406554234191048 0.18341670910343577 0.29287361830871994 0.3988856603660546 0.27522990743791764 0.07321091573555398 0.10085971901866218 0.14926759128897935 0.5187670371146992 1.0 0.9656112392535127 0.6021927328280862 0.49384417218344684 0.7404367492436268 0.40433753706976616 0.6336758230236947 0.9180421172453052 0.4168289249018962 0.4468442021388132 0.194230596411347 0.10562262229278364 0.07584698798789802 0.08237725788575022 0.09325105592666928 0.07881256927178505 0.09405985082227482 0.08693047359434437 0.03552706467363626 0.0 0.0 0.0
 0.0 0.0 0.0 0.006522252855454904 0.1803229617959826 0.45324931075226493 0.5232138637258764 0.43320992516738877 0.4117211500590783 0.23325718786924 0.23669161087042154 0.22865695155573057 0.20623867664434822 0.2506971248523041 0.431492713666798 0.5194328475777865 0.656226860968885 0.7814887751083107 1.0 0.9252934226073259 0.8128554549035054 0.6158172508861759 0.5700827097282395 0.443497439936983 0.529641591177629 0.559653406853092 0.5610555336746751 0.6988105553367465 0.9163450177235132 0.5422607325718788 0.36042536431666017 0.31658133123276866 0.44162268609688854 0.4220086648286728 0.1511461205198898 0.0 0.0 0.0
 0.0 0.0 0.0 0.004682297447280794 0.1134850166481687 0.15857380688124298 0.21673834628190883 0.11299944506104324 0.22169811320754718 0.33514844617092127 0.4921614872364039 0.6404689234184239 0.6028718091009988 0.47298140954495 0.7707061598224196 0.8658435072142066 0.9633740288568259 0.8001179245283018 0.8225235849056607 0.847669256381798 0.9825887902330743 0.8572072697003328 1.0 0.8188817980022198 0.5615982241953388 0.4602524972253054 0.587333518312986 0.36265260821309653 0.41679384017758053 0.5155036071032186 0.29120421753607106 0.36071032186459484 0.21084211986681453 0.20563956714761372 0.10065205327413988 0.0 0.0 0.0
