 0.9136829068713094 0.9063184200632509 1.0 0.6154101333569235 0.45531547869164274
 0.6828117477130476 1.0 0.9217140105922003 0.9379393355801636 0.5337746750120366
 0.5901706644771566 1.0 0.7360076632846558 0.6341172560749125 0.6223095419623483
 0.8014412188593787 1.0 0.9844966028412601 0.4791846819024093 0.49689108503191287
 0.638477159730165 1.0 0.7729278028057235 0.7871431572558995 0.5408837328727153
 0.5519654405820533 1.0 0.7857972918350848 0.5938510509296683 0.5609337105901371
 0.5264615709905908 0.6796490115234165 1.0 0.7750290728406803 0.6356485886457339
 1.0 0.6317696857242255 0.7131508755653481 0.41948857706134746 0.6177374463643743
 0.5100285303644593 0.5554411480790269 1.0 0.5789304331038033 0.5574361284509942
 0.26557973072771673 0.6878941089587003 1.0 0.97105606998807 0.9408623530080097
 0.535329341317365 0.9873008699581965 1.0 0.8241780589763866 0.622008812563552
 0.787271655863288 0.8030900117855039 1.0 0.8453152622274602 0.7261895992928697
 0.7621500991844828 1.0 0.9005124531628824 0.6372603041657481 0.7938615825435309
 1.0 0.6857851039120862 0.5811276931343491 0.4979633577730401 0.4034458253167629
 1.0 0.9694228253398077 0.7166899487793519 0.5708552296059777 0.7426550477837648
 1.0 0.8676408545238372 0.9969316917884404 0.6478732788708627 0.4001073907874049
 0.3913520162584233 0.744197240346561 0.5661033265589902 1.0 0.4835543908439405
 0.7855853980151297 1.0 0.8403428412797559 0.5086057325282811 0.5399923658824345
 0.04167407287711074 0.1843096065282378 0.31884947887210147 0.624206188898764 1.0
 0.5092991747752185 0.6172998082100188 1.0 0.7643622543240723 0.40640121056428496
 0.8010380909739148 1.0 0.8395768038074388 0.9955889425070065 0.7044757308923274
 0.5552568880200378 0.5815566008919298 1.0 0.7418901582259149 0.5887195308204534
 0.6929628110904329 1.0 0.6698735135476138 0.5388449042677347 0.4842443932750842
 0.9071068466417305 1.0 0.9236298585135798 0.9525451292893158 0.801138396487234
 0.1240442921170576 0.45909758577831333 1.0 0.5380023351286202 0.507871643252608
 0.7267324797185024 1.0 0.5601407487049166 0.41137718698074494 0.2597595542957678
 0.3623251180317927 1.0 0.7722527829514444 0.6698358383505868 0.7911162125871704
 1.0 0.8473452127082803 0.5743485018252793 0.7212202262623342 0.6000289153142736
 0.7512356605898987 1.0 0.8610082990413573 0.5000574725855768 0.3625830478861585
 0.761572874970568 0.7223451848363553 1.0 0.542288674358371 0.30433246997880875
 0.714280239888103 1.0 0.7371960682876358 0.5167174417045084 0.5952175662470541
 1.0 0.8522901174695543 0.9783597370406291 0.30029097963142587 0.3836835865933829
 0.7783148760821764 1.0 0.7277770073498826 0.6729401509598432 0.5725577986013434
 0.6413480233311731 1.0 0.6717217541585658 0.5534672715489306 0.6208252322315836
 1.0 0.9919066383752647 0.7665656259472564 0.5884207335556229 0.7202788723855711
 0.8517723283233516 0.9883979357366183 1.0 0.9441933175123371 0.8589671149282412
 0.8191276220822166 1.0 0.7600840031863273 0.8172930697371277 0.5745528278658841
 0.22557212161235426 1.0 0.9972314647837236 0.4346600289553224 0.5744075588631228
 0.9308989254826588 0.9995340846218805 0.7899012841792609 0.7522786173961156 1.0
 0.7412012701123357 0.8935880673479737 1.0 0.9890065907089683 0.47757291138564983
 0.5626829917487355 0.8996539792387538 1.0 0.7442108064945433 0.7478484606512288
 0.8758739318610591 1.0 0.8755595013502019 0.8939259423667372 0.7675248770021829
 0.6882674646579303 0.6940460220823442 1.0 0.5242321053898806 0.6285901007807929
 0.8015687517331541 1.0 0.7785722774630595 0.78077090678604 0.643980509448164
 0.4196518486548698 0.4708675010789813 0.6454946530475232 1.0 0.6829712751162904
 0.7817328028103387 0.8426891780478193 1.0 0.7422482704233435 0.7087141986593541
 0.7446753142765632 1.0 0.573184402274001 0.6978541116182239 0.9082792857714794
 0.6035348594534662 1.0 0.7222113524207048 0.45287941042196556 0.5147068414530749
 0.5028625954198473 0.7834751595544989 0.8241771993492678 1.0 0.47555061944687793
 0.48068849706129324 0.5306023244509258 1.0 0.9501745547748468 0.5688938972115429
 0.7429804036267917 0.6874268792044459 0.7720459198596082 1.0 0.634980988593156
 0.9852202951632019 1.0 0.6461057847678552 0.8028008187008508 0.6187654852957019
 0.8299064991155324 1.0 0.6302005559512049 0.6403087596774565 0.6787888534080729
 0.5709415804176867 1.0 0.614617817541873 0.41657949468968786 0.49420972962329357
 0.7347468502099859 1.0 0.8395065328978066 0.7943887074195055 0.5065620625291647
 0.7212702702702707 0.7306486486486486 1.0 0.9215405405405406 0.9045405405405406
 0.6849671612746295 0.8312819265385556 1.0 0.6331549501337879 0.452760885429336
 0.6806013849514334 0.70309522702979 0.8868336664033083 0.638471905934842 1.0
 0.7429861878970747 1.0 0.5472179013849588 0.6472197754830489 0.48407953672295206
 0.7072639054918782 0.7025760026252258 1.0 0.7857628389939764 0.7282657103344824
